Timestamp,Accel_X,Accel_Y,Accel_Z,Roll,Pitch,Yaw,RM11,RM12,RM13,RM21,RM22,RM23,RM31,RM32,RM33,GravAcc_X,GravAcc_Y,GravAcc_Z,UserAcc_X,UserAcc_Y,UserAcc_Z,RotRate_X,RotRate_Y,RotRate_Z,MagHeading,TrueHeading,HeadingAccuracy,Course,Speed
482149027.400846,0.007919,-0.012848,-1.069992,0.009598,0.009015,0.003691,0.999947,0.003777,-0.009598,-0.003691,0.999953,0.009015,0.009632,-0.008979,0.999913,0.009598,-0.009015,-0.999913,-0.000733,-0.001834,-0.068126,-0.003777,0.003478,0.001818,346.327667,350.790466,-1.000000,0.000000,0.000000
482149027.434039,0.126831,-0.014069,-1.058365,0.009598,0.009015,0.003691,0.999947,0.003777,-0.009598,-0.003691,0.999953,0.009015,0.009632,-0.008979,0.999913,0.009598,-0.009015,-0.999913,-0.000733,-0.001834,-0.068126,-0.003777,0.003478,0.001818,346.327667,350.790466,-1.000000,0.000000,0.000000
482149027.437019,0.126831,-0.014069,-1.058365,0.009598,0.009015,0.003691,0.999947,0.003777,-0.009598,-0.003691,0.999953,0.009015,0.009632,-0.008979,0.999913,0.009598,-0.009015,-0.999913,-0.000733,-0.001834,-0.068126,-0.003777,0.003478,0.001818,346.327667,350.790466,-1.000000,0.000000,0.000000
482149027.447915,0.098801,-0.000687,-1.065399,0.009598,0.009015,0.003691,0.999947,0.003777,-0.009598,-0.003691,0.999953,0.009015,0.009632,-0.008979,0.999913,0.009598,-0.009015,-0.999913,-0.000733,-0.001834,-0.068126,-0.003777,0.003478,0.001818,346.327667,350.790466,-1.000000,0.000000,0.000000
482149027.459449,0.038361,-0.003448,-1.061935,0.009598,0.009015,0.003691,0.999947,0.003777,-0.009598,-0.003691,0.999953,0.009015,0.009632,-0.008979,0.999913,0.009598,-0.009015,-0.999913,-0.000733,-0.001834,-0.068126,-0.003777,0.003478,0.001818,346.327667,350.790466,-1.000000,0.000000,0.000000
482149027.467723,-0.001083,-0.012573,-1.056366,0.009598,0.009015,0.003691,0.999947,0.003777,-0.009598,-0.003691,0.999953,0.009015,0.009632,-0.008979,0.999913,0.009598,-0.009015,-0.999913,-0.000733,-0.001834,-0.068126,-0.003777,0.003478,0.001818,346.327667,350.790466,-1.000000,0.000000,0.000000
482149027.477400,-0.130051,-0.006149,-1.064133,0.009598,0.009015,0.003691,0.999947,0.003777,-0.009598,-0.003691,0.999953,0.009015,0.009632,-0.008979,0.999913,0.009598,-0.009015,-0.999913,-0.000733,-0.001834,-0.068126,-0.003777,0.003478,0.001818,346.327667,350.790466,-1.000000,0.000000,0.000000
482149027.489528,-0.124008,-0.016098,-1.046463,0.009598,0.009015,0.003691,0.999947,0.003777,-0.009598,-0.003691,0.999953,0.009015,0.009632,-0.008979,0.999913,0.009598,-0.009015,-0.999913,-0.000733,-0.001834,-0.068126,-0.003777,0.003478,0.001818,346.327667,350.790466,-1.000000,0.000000,0.000000
482149027.497421,0.016647,-0.005051,-1.066986,0.009598,0.009015,0.003691,0.999947,0.003777,-0.009598,-0.003691,0.999953,0.009015,0.009632,-0.008979,0.999913,0.009598,-0.009015,-0.999913,-0.000733,-0.001834,-0.068126,-0.003777,0.003478,0.001818,346.327667,350.790466,-1.000000,0.000000,0.000000
482149027.511057,-0.033783,-0.012924,-1.055603,0.009598,0.009015,0.003691,0.999947,0.003777,-0.009598,-0.003691,0.999953,0.009015,0.009632,-0.008979,0.999913,0.009598,-0.009015,-0.999913,-0.000733,-0.001834,-0.068126,-0.003777,0.003478,0.001818,346.327667,350.790466,-1.000000,0.000000,0.000000
482149027.517632,-0.033783,-0.012924,-1.055603,0.009598,0.009015,0.003691,0.999947,0.003777,-0.009598,-0.003691,0.999953,0.009015,0.009632,-0.008979,0.999913,0.009598,-0.009015,-0.999913,-0.000733,-0.001834,-0.068126,-0.003777,0.003478,0.001818,346.327667,350.790466,-1.000000,0.000000,0.000000
482149027.527942,-0.027100,-0.002182,-1.059464,0.009598,0.009015,0.003691,0.999947,0.003777,-0.009598,-0.003691,0.999953,0.009015,0.009632,-0.008979,0.999913,0.009598,-0.009015,-0.999913,-0.000733,-0.001834,-0.068126,-0.003777,0.003478,0.001818,346.327667,350.790466,-1.000000,0.000000,0.000000
482149027.537894,-0.049881,-0.001770,-1.063538,0.009598,0.009015,0.003691,0.999947,0.003777,-0.009598,-0.003691,0.999953,0.009015,0.009632,-0.008979,0.999913,0.009598,-0.009015,-0.999913,-0.000733,-0.001834,-0.068126,-0.003777,0.003478,0.001818,346.327667,350.790466,-1.000000,0.000000,0.000000
482149027.547245,-0.022949,-0.007248,-1.065323,0.009598,0.009015,0.003691,0.999947,0.003777,-0.009598,-0.003691,0.999953,0.009015,0.009632,-0.008979,0.999913,0.009598,-0.009015,-0.999913,-0.000733,-0.001834,-0.068126,-0.003777,0.003478,0.001818,346.327667,350.790466,-1.000000,0.000000,0.000000
482149027.559340,-0.024002,-0.006226,-1.062378,0.009598,0.009015,0.003691,0.999947,0.003777,-0.009598,-0.003691,0.999953,0.009015,0.009632,-0.008979,0.999913,0.009598,-0.009015,-0.999913,-0.000733,-0.001834,-0.068126,-0.003777,0.003478,0.001818,346.327667,350.790466,-1.000000,0.000000,0.000000
482149027.572336,0.050354,-0.006668,-1.062805,0.009598,0.009015,0.003691,0.999947,0.003777,-0.009598,-0.003691,0.999953,0.009015,0.009632,-0.008979,0.999913,0.009598,-0.009015,-0.999913,-0.000733,-0.001834,-0.068126,-0.003777,0.003478,0.001818,346.327667,350.790466,-1.000000,0.000000,0.000000
482149027.587669,0.072220,-0.011017,-1.055832,0.009598,0.009015,0.003691,0.999947,0.003777,-0.009598,-0.003691,0.999953,0.009015,0.009632,-0.008979,0.999913,0.009598,-0.009015,-0.999913,-0.000733,-0.001834,-0.068126,-0.003777,0.003478,0.001818,346.327667,350.790466,-1.000000,0.000000,0.000000
482149027.597925,-0.027847,-0.005295,-1.080048,0.009598,0.009015,0.003691,0.999947,0.003777,-0.009598,-0.003691,0.999953,0.009015,0.009632,-0.008979,0.999913,0.009598,-0.009015,-0.999913,-0.000733,-0.001834,-0.068126,-0.003777,0.003478,0.001818,346.327667,350.790466,-1.000000,0.000000,0.000000
482149027.609810,0.051376,-0.008636,-1.059891,0.009598,0.009015,0.003691,0.999947,0.003777,-0.009598,-0.003691,0.999953,0.009015,0.009632,-0.008979,0.999913,0.009598,-0.009015,-0.999913,-0.000733,-0.001834,-0.068126,-0.003777,0.003478,0.001818,346.327667,350.790466,-1.000000,0.000000,0.000000
482149027.618325,0.066238,-0.007980,-1.062698,0.009598,0.009015,0.003691,0.999947,0.003777,-0.009598,-0.003691,0.999953,0.009015,0.009632,-0.008979,0.999913,0.009598,-0.009015,-0.999913,-0.000733,-0.001834,-0.068126,-0.003777,0.003478,0.001818,346.327667,350.790466,-1.000000,0.000000,0.000000
482149027.630331,0.100906,-0.002777,-1.075180,0.009598,0.009015,0.003691,0.999947,0.003777,-0.009598,-0.003691,0.999953,0.009015,0.009632,-0.008979,0.999913,0.009598,-0.009015,-0.999913,-0.000733,-0.001834,-0.068126,-0.003777,0.003478,0.001818,346.327667,350.790466,-1.000000,0.000000,0.000000
482149027.637995,0.100906,-0.002777,-1.075180,0.009598,0.009015,0.003691,0.999947,0.003777,-0.009598,-0.003691,0.999953,0.009015,0.009632,-0.008979,0.999913,0.009598,-0.009015,-0.999913,-0.000733,-0.001834,-0.068126,-0.003777,0.003478,0.001818,346.327667,350.790466,-1.000000,0.000000,0.000000
482149027.646984,0.146729,-0.018387,-1.052353,0.009598,0.009015,0.003691,0.999947,0.003777,-0.009598,-0.003691,0.999953,0.009015,0.009632,-0.008979,0.999913,0.009598,-0.009015,-0.999913,-0.000733,-0.001834,-0.068126,-0.003777,0.003478,0.001818,346.327667,350.790466,-1.000000,0.000000,0.000000
482149027.661982,0.052277,-0.002792,-1.069656,0.009598,0.009015,0.003691,0.999947,0.003777,-0.009598,-0.003691,0.999953,0.009015,0.009632,-0.008979,0.999913,0.009598,-0.009015,-0.999913,-0.000733,-0.001834,-0.068126,-0.003777,0.003478,0.001818,346.327667,350.790466,-1.000000,0.000000,0.000000
482149027.667558,-0.003006,-0.018433,-1.045593,0.009598,0.009015,0.003691,0.999947,0.003777,-0.009598,-0.003691,0.999953,0.009015,0.009632,-0.008979,0.999913,0.009598,-0.009015,-0.999913,-0.000733,-0.001834,-0.068126,-0.003777,0.003478,0.001818,346.327667,350.790466,-1.000000,0.000000,0.000000
482149027.677437,-0.054581,-0.011612,-1.066528,0.009598,0.009015,0.003691,0.999947,0.003777,-0.009598,-0.003691,0.999953,0.009015,0.009632,-0.008979,0.999913,0.009598,-0.009015,-0.999913,-0.000733,-0.001834,-0.068126,-0.003777,0.003478,0.001818,346.327667,350.790466,-1.000000,0.000000,0.000000
482149027.688171,-0.061615,-0.012344,-1.047958,0.009598,0.009015,0.003691,0.999947,0.003777,-0.009598,-0.003691,0.999953,0.009015,0.009632,-0.008979,0.999913,0.009598,-0.009015,-0.999913,-0.000733,-0.001834,-0.068126,-0.003777,0.003478,0.001818,346.327667,350.790466,-1.000000,0.000000,0.000000
482149027.697856,0.012772,-0.009918,-1.064087,0.009598,0.009015,0.003691,0.999947,0.003777,-0.009598,-0.003691,0.999953,0.009015,0.009632,-0.008979,0.999913,0.009598,-0.009015,-0.999913,-0.000733,-0.001834,-0.068126,-0.003777,0.003478,0.001818,346.327667,350.790466,-1.000000,0.000000,0.000000
482149027.711424,-0.064468,-0.016296,-1.052887,0.009598,0.009015,0.003691,0.999947,0.003777,-0.009598,-0.003691,0.999953,0.009015,0.009632,-0.008979,0.999913,0.009598,-0.009015,-0.999913,-0.000733,-0.001834,-0.068126,-0.003777,0.003478,0.001818,346.327667,350.790466,-1.000000,0.000000,0.000000
482149027.717697,-0.087143,-0.016953,-1.068726,0.009598,0.009015,0.003691,0.999947,0.003777,-0.009598,-0.003691,0.999953,0.009015,0.009632,-0.008979,0.999913,0.009598,-0.009015,-0.999913,-0.000733,-0.001834,-0.068126,-0.003777,0.003478,0.001818,346.327667,350.790466,-1.000000,0.000000,0.000000
482149027.730088,-0.087143,-0.016953,-1.068726,0.009598,0.009015,0.003691,0.999947,0.003777,-0.009598,-0.003691,0.999953,0.009015,0.009632,-0.008979,0.999913,0.009598,-0.009015,-0.999913,-0.000733,-0.001834,-0.068126,-0.003777,0.003478,0.001818,346.327667,350.790466,-1.000000,0.000000,0.000000
482149027.737848,-0.084427,-0.011902,-1.049103,0.009598,0.009015,0.003691,0.999947,0.003777,-0.009598,-0.003691,0.999953,0.009015,0.009632,-0.008979,0.999913,0.009598,-0.009015,-0.999913,-0.000733,-0.001834,-0.068126,-0.003777,0.003478,0.001818,346.327667,350.790466,-1.000000,0.000000,0.000000
482149027.747835,-0.016998,-0.006409,-1.069199,0.009598,0.009015,0.003691,0.999947,0.003777,-0.009598,-0.003691,0.999953,0.009015,0.009632,-0.008979,0.999913,0.009598,-0.009015,-0.999913,-0.000733,-0.001834,-0.068126,-0.003777,0.003478,0.001818,346.327667,350.790466,-1.000000,0.000000,0.000000
482149027.762665,0.003006,-0.018585,-1.053391,0.009598,0.009015,0.003691,0.999947,0.003777,-0.009598,-0.003691,0.999953,0.009015,0.009632,-0.008979,0.999913,0.009598,-0.009015,-0.999913,-0.000733,-0.001834,-0.068126,-0.003777,0.003478,0.001818,346.327667,350.790466,-1.000000,0.000000,0.000000
482149027.767590,0.029526,-0.005295,-1.066895,0.009598,0.009015,0.003691,0.999947,0.003777,-0.009598,-0.003691,0.999953,0.009015,0.009632,-0.008979,0.999913,0.009598,-0.009015,-0.999913,-0.000733,-0.001834,-0.068126,-0.003777,0.003478,0.001818,346.327667,350.790466,-1.000000,0.000000,0.000000
482149027.777983,0.079407,-0.020126,-1.061661,0.009598,0.009015,0.003691,0.999947,0.003777,-0.009598,-0.003691,0.999953,0.009015,0.009632,-0.008979,0.999913,0.009598,-0.009015,-0.999913,-0.000733,-0.001834,-0.068126,-0.003777,0.003478,0.001818,346.327667,350.790466,-1.000000,0.000000,0.000000
482149027.788387,0.151672,-0.015549,-1.061127,0.009598,0.009015,0.003691,0.999947,0.003777,-0.009598,-0.003691,0.999953,0.009015,0.009632,-0.008979,0.999913,0.009598,-0.009015,-0.999913,-0.000733,-0.001834,-0.068126,-0.003777,0.003478,0.001818,346.327667,350.790466,-1.000000,0.000000,0.000000
482149027.797231,0.008820,-0.010788,-1.060196,0.009598,0.009015,0.003691,0.999947,0.003777,-0.009598,-0.003691,0.999953,0.009015,0.009632,-0.008979,0.999913,0.009598,-0.009015,-0.999913,-0.000733,-0.001834,-0.068126,-0.003777,0.003478,0.001818,346.327667,350.790466,-1.000000,0.000000,0.000000
482149027.810816,0.015625,-0.005981,-1.058182,0.009598,0.009015,0.003691,0.999947,0.003777,-0.009598,-0.003691,0.999953,0.009015,0.009632,-0.008979,0.999913,0.009598,-0.009015,-0.999913,-0.000733,-0.001834,-0.068126,-0.003777,0.003478,0.001818,346.327667,350.790466,-1.000000,0.000000,0.000000
482149027.817834,0.060486,-0.013855,-1.069626,0.009598,0.009015,0.003691,0.999947,0.003777,-0.009598,-0.003691,0.999953,0.009015,0.009632,-0.008979,0.999913,0.009598,-0.009015,-0.999913,-0.000733,-0.001834,-0.068126,-0.003777,0.003478,0.001818,346.327667,350.790466,-1.000000,0.000000,0.000000
482149027.831054,0.044403,-0.007538,-1.061890,0.009598,0.009015,0.003691,0.999947,0.003777,-0.009598,-0.003691,0.999953,0.009015,0.009632,-0.008979,0.999913,0.009598,-0.009015,-0.999913,-0.000733,-0.001834,-0.068126,-0.003777,0.003478,0.001818,346.327667,350.790466,-1.000000,0.000000,0.000000
482149027.837980,0.044403,-0.007538,-1.061890,0.009598,0.009015,0.003691,0.999947,0.003777,-0.009598,-0.003691,0.999953,0.009015,0.009632,-0.008979,0.999913,0.009598,-0.009015,-0.999913,-0.000733,-0.001834,-0.068126,-0.003777,0.003478,0.001818,346.327667,350.790466,-1.000000,0.000000,0.000000
482149027.847286,0.124039,-0.020981,-1.061340,0.009598,0.009015,0.003691,0.999947,0.003777,-0.009598,-0.003691,0.999953,0.009015,0.009632,-0.008979,0.999913,0.009598,-0.009015,-0.999913,-0.000733,-0.001834,-0.068126,-0.003777,0.003478,0.001818,346.327667,350.790466,-1.000000,0.000000,0.000000
482149027.862907,0.056290,-0.006760,-1.059830,0.009598,0.009015,0.003691,0.999947,0.003777,-0.009598,-0.003691,0.999953,0.009015,0.009632,-0.008979,0.999913,0.009598,-0.009015,-0.999913,-0.000733,-0.001834,-0.068126,-0.003777,0.003478,0.001818,346.327667,350.790466,-1.000000,0.000000,0.000000
482149027.867628,-0.038986,-0.005829,-1.045822,0.009598,0.009015,0.003691,0.999947,0.003777,-0.009598,-0.003691,0.999953,0.009015,0.009632,-0.008979,0.999913,0.009598,-0.009015,-0.999913,-0.000733,-0.001834,-0.068126,-0.003777,0.003478,0.001818,346.327667,350.790466,-1.000000,0.000000,0.000000
482149027.877926,-0.132095,0.000702,-1.079819,0.009598,0.009015,0.003691,0.999947,0.003777,-0.009598,-0.003691,0.999953,0.009015,0.009632,-0.008979,0.999913,0.009598,-0.009015,-0.999913,-0.000733,-0.001834,-0.068126,-0.003777,0.003478,0.001818,346.327667,350.790466,-1.000000,0.000000,0.000000
482149027.888170,-0.133987,-0.012909,-1.044586,0.009598,0.009015,0.003691,0.999947,0.003777,-0.009598,-0.003691,0.999953,0.009015,0.009632,-0.008979,0.999913,0.009598,-0.009015,-0.999913,-0.000733,-0.001834,-0.068126,-0.003777,0.003478,0.001818,346.327667,350.790466,-1.000000,0.000000,0.000000
482149027.898117,-0.011932,-0.006607,-1.083862,0.009598,0.009015,0.003691,0.999947,0.003777,-0.009598,-0.003691,0.999953,0.009015,0.009632,-0.008979,0.999913,0.009598,-0.009015,-0.999913,-0.000733,-0.001834,-0.068126,-0.003777,0.003478,0.001818,346.327667,350.790466,-1.000000,0.000000,0.000000
482149027.909519,-0.001297,-0.005585,-1.051437,0.009598,0.009015,0.003691,0.999947,0.003777,-0.009598,-0.003691,0.999953,0.009015,0.009632,-0.008979,0.999913,0.009598,-0.009015,-0.999913,-0.000733,-0.001834,-0.068126,-0.003777,0.003478,0.001818,346.327667,350.790466,-1.000000,0.000000,0.000000
482149027.918400,-0.071426,-0.012253,-1.064697,0.009598,0.009015,0.003691,0.999947,0.003777,-0.009598,-0.003691,0.999953,0.009015,0.009632,-0.008979,0.999913,0.009598,-0.009015,-0.999913,-0.000733,-0.001834,-0.068126,-0.003777,0.003478,0.001818,346.327667,350.790466,-1.000000,0.000000,0.000000
482149027.929054,-0.094177,-0.010910,-1.075653,0.009598,0.009015,0.003691,0.999947,0.003777,-0.009598,-0.003691,0.999953,0.009015,0.009632,-0.008979,0.999913,0.009598,-0.009015,-0.999913,-0.000733,-0.001834,-0.068126,-0.003777,0.003478,0.001818,346.327667,350.790466,-1.000000,0.000000,0.000000
482149027.937943,-0.073532,-0.015015,-1.038239,0.009598,0.009015,0.003691,0.999947,0.003777,-0.009598,-0.003691,0.999953,0.009015,0.009632,-0.008979,0.999913,0.009598,-0.009015,-0.999913,-0.000733,-0.001834,-0.068126,-0.003777,0.003478,0.001818,346.327667,350.790466,-1.000000,0.000000,0.000000
482149027.947165,-0.073532,-0.015015,-1.038239,0.009598,0.009015,0.003691,0.999947,0.003777,-0.009598,-0.003691,0.999953,0.009015,0.009632,-0.008979,0.999913,0.009598,-0.009015,-0.999913,-0.000733,-0.001834,-0.068126,-0.003777,0.003478,0.001818,346.327667,350.790466,-1.000000,0.000000,0.000000
482149027.958084,0.020554,-0.006042,-1.055191,0.009598,0.009015,0.003691,0.999947,0.003777,-0.009598,-0.003691,0.999953,0.009015,0.009632,-0.008979,0.999913,0.009598,-0.009015,-0.999913,-0.000733,-0.001834,-0.068126,-0.003777,0.003478,0.001818,346.327667,350.790466,-1.000000,0.000000,0.000000
482149027.967872,0.060349,-0.007919,-1.071579,0.009598,0.009015,0.003691,0.999947,0.003777,-0.009598,-0.003691,0.999953,0.009015,0.009632,-0.008979,0.999913,0.009598,-0.009015,-0.999913,-0.000733,-0.001834,-0.068126,-0.003777,0.003478,0.001818,346.327667,350.790466,-1.000000,0.000000,0.000000
482149027.978140,0.086075,-0.008362,-1.062546,0.009598,0.009015,0.003691,0.999947,0.003777,-0.009598,-0.003691,0.999953,0.009015,0.009632,-0.008979,0.999913,0.009598,-0.009015,-0.999913,-0.000733,-0.001834,-0.068126,-0.003777,0.003478,0.001818,346.327667,350.790466,-1.000000,0.000000,0.000000
482149027.988129,0.154404,-0.004715,-1.062057,0.009598,0.009015,0.003691,0.999947,0.003777,-0.009598,-0.003691,0.999953,0.009015,0.009632,-0.008979,0.999913,0.009598,-0.009015,-0.999913,-0.000733,-0.001834,-0.068126,-0.003777,0.003478,0.001818,346.327667,350.790466,-1.000000,0.000000,0.000000
482149027.998054,0.053558,-0.014694,-1.067719,0.009598,0.009015,0.003691,0.999947,0.003777,-0.009598,-0.003691,0.999953,0.009015,0.009632,-0.008979,0.999913,0.009598,-0.009015,-0.999913,-0.000733,-0.001834,-0.068126,-0.003777,0.003478,0.001818,346.327667,350.790466,-1.000000,0.000000,0.000000
482149028.008051,-0.018127,-0.002396,-1.065277,0.009598,0.009015,0.003691,0.999947,0.003777,-0.009598,-0.003691,0.999953,0.009015,0.009632,-0.008979,0.999913,0.009598,-0.009015,-0.999913,-0.000733,-0.001834,-0.068126,-0.003777,0.003478,0.001818,346.327667,350.790466,-1.000000,0.000000,0.000000
482149028.018178,0.070297,-0.018814,-1.038193,0.009598,0.009015,0.003691,0.999947,0.003777,-0.009598,-0.003691,0.999953,0.009015,0.009632,-0.008979,0.999913,0.009598,-0.009015,-0.999913,-0.000733,-0.001834,-0.068126,-0.003777,0.003478,0.001818,346.327667,350.790466,-1.000000,0.000000,0.000000
482149028.028127,0.144547,-0.014267,-1.039627,0.009598,0.009015,0.003691,0.999947,0.003777,-0.009598,-0.003691,0.999953,0.009015,0.009632,-0.008979,0.999913,0.009598,-0.009015,-0.999913,-0.000733,-0.001834,-0.068126,-0.003777,0.003478,0.001818,346.327667,350.790466,-1.000000,0.000000,0.000000
482149028.038151,0.124878,-0.006317,-1.090698,0.009598,0.009015,0.003691,0.999947,0.003777,-0.009598,-0.003691,0.999953,0.009015,0.009632,-0.008979,0.999913,0.009598,-0.009015,-0.999913,-0.000733,-0.001834,-0.068126,-0.003777,0.003478,0.001818,346.327667,350.790466,-1.000000,0.000000,0.000000
482149028.047868,0.124878,-0.006317,-1.090698,0.009598,0.009015,0.003691,0.999947,0.003777,-0.009598,-0.003691,0.999953,0.009015,0.009632,-0.008979,0.999913,0.009598,-0.009015,-0.999913,-0.000733,-0.001834,-0.068126,-0.003777,0.003478,0.001818,346.327667,350.790466,-1.000000,0.000000,0.000000
482149028.058088,0.040405,-0.007431,-1.056046,0.009598,0.009015,0.003691,0.999947,0.003777,-0.009598,-0.003691,0.999953,0.009015,0.009632,-0.008979,0.999913,0.009598,-0.009015,-0.999913,-0.000733,-0.001834,-0.068126,-0.003777,0.003478,0.001818,346.327667,350.790466,-1.000000,0.000000,0.000000
482149028.067936,-0.003159,-0.009552,-1.055389,0.009598,0.009015,0.003691,0.999947,0.003777,-0.009598,-0.003691,0.999953,0.009015,0.009632,-0.008979,0.999913,0.009598,-0.009015,-0.999913,-0.000733,-0.001834,-0.068126,-0.003777,0.003478,0.001818,346.327667,350.790466,-1.000000,0.000000,0.000000
482149028.078264,-0.171844,-0.004272,-1.052673,0.009598,0.009015,0.003691,0.999947,0.003777,-0.009598,-0.003691,0.999953,0.009015,0.009632,-0.008979,0.999913,0.009598,-0.009015,-0.999913,-0.000733,-0.001834,-0.068126,-0.003777,0.003478,0.001818,346.327667,350.790466,-1.000000,0.000000,0.000000
482149028.088069,-0.163559,-0.015427,-1.061447,0.009598,0.009015,0.003691,0.999947,0.003777,-0.009598,-0.003691,0.999953,0.009015,0.009632,-0.008979,0.999913,0.009598,-0.009015,-0.999913,-0.000733,-0.001834,-0.068126,-0.003777,0.003478,0.001818,346.327667,350.790466,-1.000000,0.000000,0.000000
482149028.098116,-0.050583,-0.013641,-1.061600,0.009598,0.009015,0.003691,0.999947,0.003777,-0.009598,-0.003691,0.999953,0.009015,0.009632,-0.008979,0.999913,0.009598,-0.009015,-0.999913,-0.000733,-0.001834,-0.068126,-0.003777,0.003478,0.001818,346.327667,350.790466,-1.000000,0.000000,0.000000
482149028.108039,0.034409,-0.001450,-1.068832,0.009598,0.009015,0.003691,0.999947,0.003777,-0.009598,-0.003691,0.999953,0.009015,0.009632,-0.008979,0.999913,0.009598,-0.009015,-0.999913,-0.000733,-0.001834,-0.068126,-0.003777,0.003478,0.001818,346.327667,350.790466,-1.000000,0.000000,0.000000
482149028.118076,-0.087433,-0.005981,-1.064804,0.009598,0.009015,0.003691,0.999947,0.003777,-0.009598,-0.003691,0.999953,0.009015,0.009632,-0.008979,0.999913,0.009598,-0.009015,-0.999913,-0.000733,-0.001834,-0.068126,-0.003777,0.003478,0.001818,346.327667,350.790466,-1.000000,0.000000,0.000000
482149028.127895,-0.111435,0.000473,-1.056152,0.009598,0.009015,0.003691,0.999947,0.003777,-0.009598,-0.003691,0.999953,0.009015,0.009632,-0.008979,0.999913,0.009598,-0.009015,-0.999913,-0.000733,-0.001834,-0.068126,-0.003777,0.003478,0.001818,346.327667,350.790466,-1.000000,0.000000,0.000000
482149028.139176,-0.111435,0.000473,-1.056152,0.009598,0.009015,0.003691,0.999947,0.003777,-0.009598,-0.003691,0.999953,0.009015,0.009632,-0.008979,0.999913,0.009598,-0.009015,-0.999913,-0.000733,-0.001834,-0.068126,-0.003777,0.003478,0.001818,346.327667,350.790466,-1.000000,0.000000,0.000000
482149028.148011,-0.029831,-0.011063,-1.062439,0.009598,0.009015,0.003691,0.999947,0.003777,-0.009598,-0.003691,0.999953,0.009015,0.009632,-0.008979,0.999913,0.009598,-0.009015,-0.999913,-0.000733,-0.001834,-0.068126,-0.003777,0.003478,0.001818,346.327667,350.790466,-1.000000,0.000000,0.000000
482149028.157966,-0.004059,-0.010544,-1.060287,0.009598,0.009015,0.003691,0.999947,0.003777,-0.009598,-0.003691,0.999953,0.009015,0.009632,-0.008979,0.999913,0.009598,-0.009015,-0.999913,-0.000733,-0.001834,-0.068126,-0.003777,0.003478,0.001818,346.327667,350.790466,-1.000000,0.000000,0.000000
482149028.169111,0.044571,-0.011551,-1.068771,0.058344,0.016886,-0.000466,0.998299,0.000519,-0.058302,0.000466,0.999857,0.016885,0.058303,-0.016883,0.998156,0.058302,-0.016885,-0.998156,-0.088133,0.005822,-0.064283,0.004652,-0.005820,0.005656,346.327667,350.790466,-1.000000,0.000000,0.000000
482149028.178148,0.108139,-0.019669,-1.058502,0.058344,0.016886,-0.000466,0.998299,0.000519,-0.058302,0.000466,0.999857,0.016885,0.058303,-0.016883,0.998156,0.058302,-0.016885,-0.998156,-0.088133,0.005822,-0.064283,0.004652,-0.005820,0.005656,346.327667,350.790466,-1.000000,0.000000,0.000000
482149028.188141,0.115860,-0.013794,-1.050598,0.058303,0.016943,-0.000462,0.998301,0.000526,-0.058262,0.000462,0.999856,0.016943,0.058263,-0.016941,0.998158,0.058262,-0.016943,-0.998158,-0.062321,0.006399,-0.062130,0.010831,-0.005807,0.001991,346.327667,350.790466,-1.000000,0.000000,0.000000
482149028.198193,0.000732,-0.003738,-1.064163,0.058280,0.017039,-0.000489,0.998303,0.000504,-0.058238,0.000489,0.999855,0.017038,0.058238,-0.017038,0.998157,0.058238,-0.017038,-0.998157,0.049901,-0.002631,-0.060345,0.005922,-0.004751,-0.005416,346.327667,350.790466,-1.000000,0.000000,0.000000
482149028.208003,0.023666,-0.010117,-1.062057,0.058280,0.017039,-0.000489,0.998303,0.000504,-0.058238,0.000489,0.999855,0.017038,0.058238,-0.017038,0.998157,0.058238,-0.017038,-0.998157,0.049901,-0.002631,-0.060345,0.005922,-0.004751,-0.005416,346.327667,350.790466,-1.000000,0.000000,0.000000
482149028.218068,0.092987,-0.009399,-1.053711,0.058234,0.017149,-0.000512,0.998305,0.000487,-0.058193,0.000512,0.999853,0.017148,0.058193,-0.017149,0.998158,0.058193,-0.017148,-0.998158,0.057667,0.003354,-0.052440,0.008368,-0.006990,0.000747,346.327667,350.790466,-1.000000,0.000000,0.000000
482149028.228076,0.110962,-0.008926,-1.075119,0.058187,0.017231,-0.000467,0.998308,0.000536,-0.058146,0.000467,0.999851,0.017230,0.058146,-0.017228,0.998159,0.058146,-0.017230,-0.998159,-0.057413,0.013491,-0.066004,0.004648,-0.004655,0.006889,346.327667,350.790466,-1.000000,0.000000,0.000000
482149028.237772,0.110962,-0.008926,-1.075119,0.058187,0.017231,-0.000467,0.998308,0.000536,-0.058146,0.000467,0.999851,0.017230,0.058146,-0.017228,0.998159,0.058146,-0.017230,-0.998159,-0.057413,0.013491,-0.066004,0.004648,-0.004655,0.006889,346.327667,350.790466,-1.000000,0.000000,0.000000
482149028.247762,0.103989,-0.010666,-1.063431,0.058175,0.017283,-0.000445,0.998309,0.000561,-0.058133,0.000445,0.999851,0.017283,0.058134,-0.017279,0.998159,0.058133,-0.017283,-0.998159,-0.034467,0.007166,-0.063898,0.004662,0.001088,0.003205,346.327667,350.790466,-1.000000,0.000000,0.000000
482149028.258242,0.034424,-0.002426,-1.067841,0.058173,0.017401,-0.000395,0.998309,0.000617,-0.058131,0.000395,0.999849,0.017400,0.058133,-0.017394,0.998157,0.058131,-0.017400,-0.998157,0.052831,0.008474,-0.076962,0.005895,-0.000058,0.003209,346.327667,350.790466,-1.000000,0.000000,0.000000
482149028.271711,-0.093369,-0.006851,-1.062897,0.058194,0.017387,-0.000393,0.998308,0.000619,-0.058152,0.000393,0.999849,0.017386,0.058154,-0.017379,0.998156,0.058152,-0.017386,-0.998156,0.045836,0.006720,-0.065274,-0.000263,0.003342,0.000724,346.327667,350.790466,-1.000000,0.000000,0.000000
482149028.277652,-0.093369,-0.006851,-1.062897,0.058194,0.017387,-0.000393,0.998308,0.000619,-0.058152,0.000393,0.999849,0.017386,0.058154,-0.017379,0.998156,0.058152,-0.017386,-0.998156,0.045836,0.006720,-0.065274,-0.000263,0.003342,0.000724,346.327667,350.790466,-1.000000,0.000000,0.000000
482149028.288134,-0.095200,-0.013763,-1.060944,0.058192,0.017477,-0.000402,0.998308,0.000615,-0.058151,0.000402,0.999847,0.017476,0.058152,-0.017470,0.998155,0.058151,-0.017476,-0.998155,-0.075118,0.005239,-0.054381,-0.000291,0.001105,0.009337,346.327667,350.790466,-1.000000,0.000000,0.000000
482149028.298836,0.031403,-0.005234,-1.052170,0.058192,0.017477,-0.000402,0.998308,0.000615,-0.058151,0.000402,0.999847,0.017476,0.058152,-0.017470,0.998155,0.058151,-0.017476,-0.998155,-0.075118,0.005239,-0.054381,-0.000291,0.001105,0.009337,346.327667,350.790466,-1.000000,0.000000,0.000000
482149028.308019,-0.009003,-0.010468,-1.063248,0.058174,0.017457,-0.000388,0.998309,0.000628,-0.058132,0.000388,0.999848,0.017457,0.058134,-0.017450,0.998156,0.058132,-0.017457,-0.998156,-0.151501,0.010605,-0.064740,-0.001478,-0.004803,-0.005450,346.327667,350.790466,-1.000000,0.000000,0.000000
482149028.318086,-0.086487,-0.002121,-1.072632,0.058206,0.017497,-0.000454,0.998307,0.000565,-0.058164,0.000454,0.999847,0.017496,0.058165,-0.017493,0.998154,0.058164,-0.017496,-0.998154,-0.153364,0.003732,-0.062790,0.005901,0.006860,0.001988,346.327667,350.790466,-1.000000,0.000000,0.000000
482149028.328930,-0.099396,-0.010559,-1.041382,0.058206,0.017497,-0.000454,0.998307,0.000565,-0.058164,0.000454,0.999847,0.017496,0.058165,-0.017493,0.998154,0.058164,-0.017496,-0.998154,-0.153364,0.003732,-0.062790,0.005901,0.006860,0.001988,346.327667,350.790466,-1.000000,0.000000,0.000000
482149028.338183,-0.081482,-0.004181,-1.070633,0.058194,0.017579,-0.000433,0.998308,0.000590,-0.058152,0.000433,0.999845,0.017579,0.058154,-0.017574,0.998153,0.058152,-0.017579,-0.998153,-0.026750,0.012345,-0.054017,0.004661,-0.001222,0.003201,346.327667,350.790466,-1.000000,0.000000,0.000000
482149028.348622,-0.081482,-0.004181,-1.070633,0.058159,0.017681,-0.000461,0.998310,0.000568,-0.058117,0.000461,0.999844,0.017680,0.058118,-0.017677,0.998153,0.058117,-0.017680,-0.998153,-0.144604,0.015559,-0.074479,0.008389,-0.003578,-0.005403,346.327667,350.790466,-1.000000,0.000000,0.000000
482149028.357901,-0.010986,-0.018219,-1.037781,0.058159,0.017681,-0.000461,0.998310,0.000568,-0.058117,0.000461,0.999844,0.017680,0.058118,-0.017677,0.998153,0.058117,-0.017680,-0.998153,-0.144604,0.015559,-0.074479,0.008389,-0.003578,-0.005403,346.327667,350.790466,-1.000000,0.000000,0.000000
482149028.368189,0.091080,-0.014297,-1.047836,0.058191,0.017716,-0.000438,0.998308,0.000593,-0.058149,0.000438,0.999843,0.017715,0.058151,-0.017710,0.998151,0.058149,-0.017715,-0.998151,-0.157545,0.007156,-0.043231,-0.000270,0.004517,0.003188,346.327667,350.790466,-1.000000,0.000000,0.000000
482149028.378059,0.123718,-0.003204,-1.074066,0.058195,0.017836,-0.000346,0.998307,0.000692,-0.058152,0.000346,0.999841,0.017835,0.058156,-0.017825,0.998148,0.058152,-0.017835,-0.998148,-0.139634,0.013654,-0.072485,0.005899,-0.000069,0.001977,346.327667,350.790466,-1.000000,0.000000,0.000000
482149028.388350,0.182205,-0.006256,-1.064804,0.058194,0.017922,-0.000368,0.998308,0.000675,-0.058152,0.000368,0.999839,0.017921,0.058155,-0.017912,0.998147,0.058152,-0.017921,-0.998147,-0.069138,-0.000298,-0.039634,0.008370,0.002248,0.000761,346.327667,350.790466,-1.000000,0.000000,0.000000
482149028.397387,0.021774,-0.013062,-1.064026,0.058194,0.017922,-0.000368,0.998308,0.000675,-0.058152,0.000368,0.999839,0.017921,0.058155,-0.017912,0.998147,0.058152,-0.017921,-0.998147,-0.069138,-0.000298,-0.039634,0.008370,0.002248,0.000761,346.327667,350.790466,-1.000000,0.000000,0.000000
482149028.407863,0.012695,-0.002090,-1.078766,0.058186,0.018029,-0.000300,0.998308,0.000749,-0.058144,0.000300,0.999837,0.018028,0.058148,-0.018015,0.998145,0.058144,-0.018028,-0.998145,0.065574,0.014824,-0.075921,0.004652,-0.003510,0.005659,346.327667,350.790466,-1.000000,0.000000,0.000000
482149028.418194,0.084167,-0.018066,-1.040054,0.058162,0.018014,-0.000304,0.998309,0.000744,-0.058120,0.000304,0.999838,0.018013,0.058124,-0.018000,0.998147,0.058120,-0.018013,-0.998147,0.124085,0.011757,-0.066657,-0.006422,0.000967,-0.001770,346.327667,350.790466,-1.000000,0.000000,0.000000
482149028.435403,0.096024,-0.003708,-1.081131,0.058082,0.018108,-0.000259,0.998314,0.000793,-0.058039,0.000259,0.999836,0.018107,0.058044,-0.018091,0.998150,0.058039,-0.018107,-0.998150,-0.045344,0.016016,-0.080616,0.002181,-0.005827,0.006875,346.327667,350.790466,-1.000000,0.000000,0.000000
482149028.437659,0.096024,-0.003708,-1.081131,0.058082,0.018108,-0.000259,0.998314,0.000793,-0.058039,0.000259,0.999836,0.018107,0.058044,-0.018091,0.998150,0.058039,-0.018107,-0.998150,-0.045344,0.016016,-0.080616,0.002181,-0.005827,0.006875,346.327667,350.790466,-1.000000,0.000000,0.000000
482149028.447926,0.149460,-0.004639,-1.065033,0.058102,0.018114,-0.000204,0.998313,0.000848,-0.058060,0.000204,0.999836,0.018113,0.058066,-0.018094,0.998149,0.058060,-0.018113,-0.998149,0.026107,0.000047,-0.041906,-0.001507,0.007983,0.004418,346.327667,350.790466,-1.000000,0.000000,0.000000
482149028.460711,0.038681,-0.016342,-1.059982,0.058102,0.018114,-0.000204,0.998313,0.000848,-0.058060,0.000204,0.999836,0.018113,0.058066,-0.018094,0.998149,0.058060,-0.018113,-0.998149,0.026107,0.000047,-0.041906,-0.001507,0.007983,0.004418,346.327667,350.790466,-1.000000,0.000000,0.000000
482149028.467788,-0.035812,-0.008972,-1.064438,0.058076,0.018171,-0.000061,0.998314,0.000993,-0.058034,0.000061,0.999835,0.018170,0.058043,-0.018143,0.998149,0.058034,-0.018170,-0.998149,0.037989,0.014462,-0.082982,-0.001522,-0.004688,0.008091,346.327667,350.790466,-1.000000,0.000000,0.000000
482149028.478026,-0.103165,-0.005814,-1.084534,0.058081,0.018243,-0.000010,0.998314,0.001049,-0.058038,0.000010,0.999834,0.018242,0.058048,-0.018212,0.998148,0.058038,-0.018242,-0.998148,0.091421,0.013604,-0.066885,0.007112,0.002301,0.008141,346.327667,350.790466,-1.000000,0.000000,0.000000
482149028.489057,-0.151886,-0.011566,-1.044708,0.058081,0.018243,-0.000010,0.998314,0.001049,-0.058038,0.000010,0.999834,0.018242,0.058048,-0.018212,0.998148,0.058038,-0.018242,-0.998148,0.091421,0.013604,-0.066885,0.007112,0.002301,0.008141,346.327667,350.790466,-1.000000,0.000000,0.000000
482149028.497998,-0.020676,-0.013367,-1.083939,0.058078,0.018265,0.000033,0.998314,0.001093,-0.058036,-0.000033,0.999833,0.018263,0.058046,-0.018231,0.998147,0.058036,-0.018263,-0.998147,-0.093848,0.009291,-0.066290,-0.003961,-0.004779,-0.000537,346.327667,350.790466,-1.000000,0.000000,0.000000
482149028.508068,-0.014053,-0.014191,-1.039795,0.058072,0.018302,0.000002,0.998314,0.001064,-0.058029,-0.000002,0.999833,0.018301,0.058039,-0.018270,0.998147,0.058029,-0.018301,-0.998147,-0.161194,0.012488,-0.086387,0.004686,0.003335,-0.004178,346.327667,350.790466,-1.000000,0.000000,0.000000
482149028.518973,-0.095184,-0.016708,-1.056046,0.058072,0.018302,0.000002,0.998314,0.001064,-0.058029,-0.000002,0.999833,0.018301,0.058039,-0.018270,0.998147,0.058029,-0.018301,-0.998147,-0.161194,0.012488,-0.086387,0.004686,0.003335,-0.004178,346.327667,350.790466,-1.000000,0.000000,0.000000
482149028.530099,-0.110077,-0.016418,-1.054199,0.058059,0.018392,-0.000031,0.998315,0.001036,-0.058017,0.000031,0.999831,0.018390,0.058026,-0.018361,0.998146,0.058017,-0.018390,-0.998146,-0.209903,0.006824,-0.046562,0.013326,-0.003554,-0.006613,346.327667,350.790466,-1.000000,0.000000,0.000000
482149028.537677,-0.110077,-0.016418,-1.054199,0.058042,0.018462,-0.000118,0.998316,0.000953,-0.058000,0.000118,0.999830,0.018461,0.058008,-0.018437,0.998146,0.058000,-0.018461,-0.998146,-0.078676,0.005095,-0.085793,0.007167,-0.001309,-0.009099,346.327667,350.790466,-1.000000,0.000000,0.000000
482149028.548171,-0.006851,-0.013611,-1.078918,0.058034,0.018507,-0.000082,0.998317,0.000991,-0.057992,0.000082,0.999829,0.018506,0.058000,-0.018480,0.998146,0.057992,-0.018506,-0.998146,-0.153176,0.001798,-0.057900,0.000969,0.001041,0.000725,346.327667,350.790466,-1.000000,0.000000,0.000000
482149028.557938,0.055267,-0.008652,-1.050049,0.058034,0.018507,-0.000082,0.998317,0.000991,-0.057992,0.000082,0.999829,0.018506,0.058000,-0.018480,0.998146,0.057992,-0.018506,-0.998146,-0.153176,0.001798,-0.057900,0.000969,0.001041,0.000725,346.327667,350.790466,-1.000000,0.000000,0.000000
482149028.568094,0.061310,-0.004028,-1.079407,0.058067,0.018498,-0.000087,0.998315,0.000987,-0.058024,0.000087,0.999829,0.018497,0.058033,-0.018471,0.998144,0.058024,-0.018497,-0.998144,-0.168101,0.002079,-0.056055,-0.001481,0.000981,-0.004210,346.327667,350.790466,-1.000000,0.000000,0.000000
482149028.578117,0.118011,-0.019821,-1.051559,0.058054,0.018565,-0.000094,0.998315,0.000983,-0.058011,0.000094,0.999828,0.018564,0.058019,-0.018538,0.998143,0.058011,-0.018564,-0.998143,-0.002744,0.009912,-0.051906,0.000953,0.001082,0.005649,346.327667,350.790466,-1.000000,0.000000,0.000000
482149028.588172,0.095825,-0.000626,-1.065430,0.058054,0.018565,-0.000094,0.998315,0.000983,-0.058011,0.000094,0.999828,0.018564,0.058019,-0.018538,0.998143,0.058011,-0.018564,-0.998143,-0.002744,0.009912,-0.051906,0.000953,0.001082,0.005649,346.327667,350.790466,-1.000000,0.000000,0.000000
482149028.598043,0.073212,-0.011978,-1.051895,0.058069,0.018550,-0.000111,0.998315,0.000966,-0.058027,0.000111,0.999828,0.018548,0.058035,-0.018524,0.998143,0.058027,-0.018548,-0.998143,0.003283,0.014520,-0.081264,-0.000259,0.002176,-0.000510,346.327667,350.790466,-1.000000,0.000000,0.000000
482149028.608566,0.076385,-0.018066,-1.060684,0.058145,0.018570,-0.000092,0.998310,0.000988,-0.058103,0.000092,0.999828,0.018568,0.058111,-0.018542,0.998138,0.058103,-0.018568,-0.998138,0.059909,-0.001253,-0.053422,0.000991,0.005607,-0.005423,346.327667,350.790466,-1.000000,0.000000,0.000000
482149028.618364,0.118927,-0.012009,-1.068237,0.058145,0.018570,-0.000092,0.998310,0.000988,-0.058103,0.000092,0.999828,0.018568,0.058111,-0.018542,0.998138,0.058103,-0.018568,-0.998138,0.059909,-0.001253,-0.053422,0.000991,0.005607,-0.005423,346.327667,350.790466,-1.000000,0.000000,0.000000
482149028.628147,0.125763,-0.013977,-1.047592,0.058167,0.018614,-0.000111,0.998309,0.000971,-0.058124,0.000111,0.999827,0.018613,0.058132,-0.018588,0.998136,0.058124,-0.018613,-0.998136,0.037701,0.017987,-0.067294,0.007137,0.004549,0.000759,346.327667,350.790466,-1.000000,0.000000,0.000000
482149028.637793,0.125763,-0.013977,-1.047592,0.058204,0.018697,-0.000041,0.998307,0.001046,-0.058161,0.000041,0.999825,0.018696,0.058170,-0.018666,0.998132,0.058161,-0.018696,-0.998132,0.018225,0.000629,-0.062552,0.005895,-0.000059,0.003208,346.327667,350.790466,-1.000000,0.000000,0.000000
482149028.650874,0.021683,-0.006180,-1.072830,0.058197,0.018713,-0.000023,0.998307,0.001065,-0.058154,0.000023,0.999825,0.018712,0.058164,-0.018682,0.998132,0.058154,-0.018712,-0.998132,0.060773,0.006703,-0.070105,0.000957,0.001072,0.004418,346.327667,350.790466,-1.000000,0.000000,0.000000
482149028.657818,0.021683,-0.006180,-1.072830,0.058197,0.018713,-0.000023,0.998307,0.001065,-0.058154,0.000023,0.999825,0.018712,0.058164,-0.018682,0.998132,0.058154,-0.018712,-0.998132,0.060773,0.006703,-0.070105,0.000957,0.001072,0.004418,346.327667,350.790466,-1.000000,0.000000,0.000000
482149028.667840,-0.015884,-0.016251,-1.054504,0.058200,0.018701,-0.000050,0.998307,0.001037,-0.058157,0.000050,0.999825,0.018700,0.058166,-0.018671,0.998132,0.058157,-0.018700,-0.998132,0.056696,0.008827,-0.063269,-0.000264,-0.001278,0.000715,346.327667,350.790466,-1.000000,0.000000,0.000000
482149028.679134,-0.167786,-0.005402,-1.060486,0.058200,0.018701,-0.000050,0.998307,0.001037,-0.058157,0.000050,0.999825,0.018700,0.058166,-0.018671,0.998132,0.058157,-0.018700,-0.998132,0.056696,0.008827,-0.063269,-0.000264,-0.001278,0.000715,346.327667,350.790466,-1.000000,0.000000,0.000000
482149028.688083,-0.142090,-0.006790,-1.045593,0.058188,0.018729,-0.000033,0.998308,0.001056,-0.058145,0.000033,0.999825,0.018728,0.058154,-0.018698,0.998132,0.058145,-0.018728,-0.998132,-0.036462,0.012548,-0.074698,0.005894,-0.001213,0.003206,346.327667,350.790466,-1.000000,0.000000,0.000000
482149028.698033,0.014816,-0.009018,-1.073868,0.058225,0.018752,-0.000062,0.998305,0.001029,-0.058182,0.000062,0.999824,0.018751,0.058191,-0.018723,0.998130,0.058182,-0.018751,-0.998130,-0.074066,0.002501,-0.056375,0.000993,-0.001332,-0.006665,346.327667,350.790466,-1.000000,0.000000,0.000000
482149028.708587,-0.015778,-0.015381,-1.071167,0.058252,0.018718,-0.000101,0.998304,0.000989,-0.058209,0.000101,0.999825,0.018717,0.058217,-0.018691,0.998129,0.058209,-0.018717,-0.998129,-0.225995,0.013315,-0.062357,-0.001486,-0.000163,-0.002982,346.327667,350.790466,-1.000000,0.000000,0.000000
482149028.718027,-0.087326,-0.010925,-1.060883,0.058252,0.018718,-0.000101,0.998304,0.000989,-0.058209,0.000101,0.999825,0.018717,0.058217,-0.018691,0.998129,0.058209,-0.018717,-0.998129,-0.225995,0.013315,-0.062357,-0.001486,-0.000163,-0.002982,346.327667,350.790466,-1.000000,0.000000,0.000000
482149028.728360,-0.087326,-0.010925,-1.060883,0.058199,0.018730,-0.000106,0.998307,0.000984,-0.058156,0.000106,0.999825,0.018729,0.058164,-0.018704,0.998132,0.058156,-0.018729,-0.998132,-0.043340,0.009711,-0.075736,-0.001513,0.002219,0.005639,346.327667,350.790466,-1.000000,0.000000,0.000000
482149028.739643,-0.036880,-0.006943,-1.062500,0.058204,0.018764,-0.000107,0.998307,0.000985,-0.058161,0.000107,0.999824,0.018763,0.058169,-0.018737,0.998131,0.058161,-0.018763,-0.998131,-0.073938,0.003382,-0.073036,0.003451,-0.003603,-0.004196,346.327667,350.790466,-1.000000,0.000000,0.000000
482149028.747966,-0.036880,-0.006943,-1.062500,0.058204,0.018764,-0.000107,0.998307,0.000985,-0.058161,0.000107,0.999824,0.018763,0.058169,-0.018737,0.998131,0.058161,-0.018763,-0.998131,-0.073938,0.003382,-0.073036,0.003451,-0.003603,-0.004196,346.327667,350.790466,-1.000000,0.000000,0.000000
482149028.757789,-0.006958,-0.018372,-1.048538,0.058208,0.018885,-0.000099,0.998307,0.000999,-0.058165,0.000099,0.999822,0.018884,0.058173,-0.018858,0.998128,0.058165,-0.018884,-0.998128,-0.145491,0.007959,-0.062754,0.010843,-0.003529,-0.001700,346.327667,350.790466,-1.000000,0.000000,0.000000
