Timestamp,Accel_X,Accel_Y,Accel_Z,Roll,Pitch,Yaw,RM11,RM12,RM13,RM21,RM22,RM23,RM31,RM32,RM33,GravAcc_X,GravAcc_Y,GravAcc_Z,UserAcc_X,UserAcc_Y,UserAcc_Z,RotRate_X,RotRate_Y,RotRate_Z,MagHeading,TrueHeading,HeadingAccuracy,Course,Speed
482149740.038452,0.007660,-0.004837,-1.062149,0.009638,0.009520,0.002747,0.999950,0.002839,-0.009638,-0.002747,0.999951,0.009520,0.009664,-0.009493,0.999908,0.009638,-0.009520,-0.999908,-0.005808,0.002699,-0.069138,0.001414,-0.000840,0.001286,346.375763,350.838562,-1.000000,0.000000,0.000000
482149740.052072,0.086166,-0.009384,-1.070419,0.009638,0.009520,0.002747,0.999950,0.002839,-0.009638,-0.002747,0.999951,0.009520,0.009664,-0.009493,0.999908,0.009638,-0.009520,-0.999908,-0.005808,0.002699,-0.069138,0.001414,-0.000840,0.001286,346.375763,350.838562,-1.000000,0.000000,0.000000
482149740.072191,0.086166,-0.009384,-1.070419,0.009638,0.009520,0.002747,0.999950,0.002839,-0.009638,-0.002747,0.999951,0.009520,0.009664,-0.009493,0.999908,0.009638,-0.009520,-0.999908,-0.005808,0.002699,-0.069138,0.001414,-0.000840,0.001286,346.375763,350.838562,-1.000000,0.000000,0.000000
482149740.094506,-0.105164,-0.015503,-1.050247,0.009638,0.009520,0.002747,0.999950,0.002839,-0.009638,-0.002747,0.999951,0.009520,0.009664,-0.009493,0.999908,0.009638,-0.009520,-0.999908,-0.005808,0.002699,-0.069138,0.001414,-0.000840,0.001286,346.375763,350.838562,-1.000000,0.000000,0.000000
482149740.129519,0.096863,-0.002640,-1.067383,0.009638,0.009520,0.002747,0.999950,0.002839,-0.009638,-0.002747,0.999951,0.009520,0.009664,-0.009493,0.999908,0.009638,-0.009520,-0.999908,-0.005808,0.002699,-0.069138,0.001414,-0.000840,0.001286,346.375763,350.838562,-1.000000,0.000000,0.000000
482149740.138019,0.079071,-0.005249,-1.063599,0.009638,0.009520,0.002747,0.999950,0.002839,-0.009638,-0.002747,0.999951,0.009520,0.009664,-0.009493,0.999908,0.009638,-0.009520,-0.999908,-0.005808,0.002699,-0.069138,0.001414,-0.000840,0.001286,346.375763,350.838562,-1.000000,0.000000,0.000000
482149740.154117,0.117737,-0.005981,-1.061356,0.009638,0.009520,0.002747,0.999950,0.002839,-0.009638,-0.002747,0.999951,0.009520,0.009664,-0.009493,0.999908,0.009638,-0.009520,-0.999908,-0.005808,0.002699,-0.069138,0.001414,-0.000840,0.001286,346.375763,350.838562,-1.000000,0.000000,0.000000
482149740.165637,0.030472,-0.001404,-1.073746,0.009638,0.009520,0.002747,0.999950,0.002839,-0.009638,-0.002747,0.999951,0.009520,0.009664,-0.009493,0.999908,0.009638,-0.009520,-0.999908,-0.005808,0.002699,-0.069138,0.001414,-0.000840,0.001286,346.375763,350.838562,-1.000000,0.000000,0.000000
482149740.178220,-0.068649,-0.005341,-1.059769,0.009638,0.009520,0.002747,0.999950,0.002839,-0.009638,-0.002747,0.999951,0.009520,0.009664,-0.009493,0.999908,0.009638,-0.009520,-0.999908,-0.005808,0.002699,-0.069138,0.001414,-0.000840,0.001286,346.375763,350.838562,-1.000000,0.000000,0.000000
482149740.185606,-0.068649,-0.005341,-1.059769,0.009638,0.009520,0.002747,0.999950,0.002839,-0.009638,-0.002747,0.999951,0.009520,0.009664,-0.009493,0.999908,0.009638,-0.009520,-0.999908,-0.005808,0.002699,-0.069138,0.001414,-0.000840,0.001286,346.375763,350.838562,-1.000000,0.000000,0.000000
482149740.195896,-0.084518,-0.009888,-1.045181,0.009638,0.009520,0.002747,0.999950,0.002839,-0.009638,-0.002747,0.999951,0.009520,0.009664,-0.009493,0.999908,0.009638,-0.009520,-0.999908,-0.005808,0.002699,-0.069138,0.001414,-0.000840,0.001286,346.375763,350.838562,-1.000000,0.000000,0.000000
482149740.210952,0.090118,-0.015274,-1.047852,0.009638,0.009520,0.002747,0.999950,0.002839,-0.009638,-0.002747,0.999951,0.009520,0.009664,-0.009493,0.999908,0.009638,-0.009520,-0.999908,-0.005808,0.002699,-0.069138,0.001414,-0.000840,0.001286,346.375763,350.838562,-1.000000,0.000000,0.000000
482149740.215510,0.090118,-0.015274,-1.047852,0.009638,0.009520,0.002747,0.999950,0.002839,-0.009638,-0.002747,0.999951,0.009520,0.009664,-0.009493,0.999908,0.009638,-0.009520,-0.999908,-0.005808,0.002699,-0.069138,0.001414,-0.000840,0.001286,346.375763,350.838562,-1.000000,0.000000,0.000000
482149740.229712,0.147583,-0.007599,-1.070938,0.009638,0.009520,0.002747,0.999950,0.002839,-0.009638,-0.002747,0.999951,0.009520,0.009664,-0.009493,0.999908,0.009638,-0.009520,-0.999908,-0.005808,0.002699,-0.069138,0.001414,-0.000840,0.001286,346.375763,350.838562,-1.000000,0.000000,0.000000
482149740.235423,0.079224,-0.012161,-1.061661,0.009638,0.009520,0.002747,0.999950,0.002839,-0.009638,-0.002747,0.999951,0.009520,0.009664,-0.009493,0.999908,0.009638,-0.009520,-0.999908,-0.005808,0.002699,-0.069138,0.001414,-0.000840,0.001286,346.375763,350.838562,-1.000000,0.000000,0.000000
482149740.245723,0.093140,-0.010498,-1.070374,0.009638,0.009520,0.002747,0.999950,0.002839,-0.009638,-0.002747,0.999951,0.009520,0.009664,-0.009493,0.999908,0.009638,-0.009520,-0.999908,-0.005808,0.002699,-0.069138,0.001414,-0.000840,0.001286,346.375763,350.838562,-1.000000,0.000000,0.000000
482149740.255950,0.013611,-0.007843,-1.050354,0.009638,0.009520,0.002747,0.999950,0.002839,-0.009638,-0.002747,0.999951,0.009520,0.009664,-0.009493,0.999908,0.009638,-0.009520,-0.999908,-0.005808,0.002699,-0.069138,0.001414,-0.000840,0.001286,346.375763,350.838562,-1.000000,0.000000,0.000000
482149740.265902,-0.069565,-0.009262,-1.057816,0.009638,0.009520,0.002747,0.999950,0.002839,-0.009638,-0.002747,0.999951,0.009520,0.009664,-0.009493,0.999908,0.009638,-0.009520,-0.999908,-0.005808,0.002699,-0.069138,0.001414,-0.000840,0.001286,346.375763,350.838562,-1.000000,0.000000,0.000000
482149740.278362,-0.074646,-0.005188,-1.052933,0.009638,0.009520,0.002747,0.999950,0.002839,-0.009638,-0.002747,0.999951,0.009520,0.009664,-0.009493,0.999908,0.009638,-0.009520,-0.999908,-0.005808,0.002699,-0.069138,0.001414,-0.000840,0.001286,346.375763,350.838562,-1.000000,0.000000,0.000000
482149740.285561,-0.074646,-0.005188,-1.052933,0.009638,0.009520,0.002747,0.999950,0.002839,-0.009638,-0.002747,0.999951,0.009520,0.009664,-0.009493,0.999908,0.009638,-0.009520,-0.999908,-0.005808,0.002699,-0.069138,0.001414,-0.000840,0.001286,346.375763,350.838562,-1.000000,0.000000,0.000000
482149740.294979,-0.078217,-0.012253,-1.082397,0.009638,0.009520,0.002747,0.999950,0.002839,-0.009638,-0.002747,0.999951,0.009520,0.009664,-0.009493,0.999908,0.009638,-0.009520,-0.999908,-0.005808,0.002699,-0.069138,0.001414,-0.000840,0.001286,346.375763,350.838562,-1.000000,0.000000,0.000000
482149740.305904,-0.049744,-0.011597,-1.049850,0.009638,0.009520,0.002747,0.999950,0.002839,-0.009638,-0.002747,0.999951,0.009520,0.009664,-0.009493,0.999908,0.009638,-0.009520,-0.999908,-0.005808,0.002699,-0.069138,0.001414,-0.000840,0.001286,346.375763,350.838562,-1.000000,0.000000,0.000000
482149740.315833,0.071289,-0.009109,-1.071503,0.009638,0.009520,0.002747,0.999950,0.002839,-0.009638,-0.002747,0.999951,0.009520,0.009664,-0.009493,0.999908,0.009638,-0.009520,-0.999908,-0.005808,0.002699,-0.069138,0.001414,-0.000840,0.001286,346.375763,350.838562,-1.000000,0.000000,0.000000
482149740.326654,0.171371,-0.011902,-1.053146,0.009638,0.009520,0.002747,0.999950,0.002839,-0.009638,-0.002747,0.999951,0.009520,0.009664,-0.009493,0.999908,0.009638,-0.009520,-0.999908,-0.005808,0.002699,-0.069138,0.001414,-0.000840,0.001286,346.375763,350.838562,-1.000000,0.000000,0.000000
482149740.335225,0.094131,-0.006683,-1.086029,0.009638,0.009520,0.002747,0.999950,0.002839,-0.009638,-0.002747,0.999951,0.009520,0.009664,-0.009493,0.999908,0.009638,-0.009520,-0.999908,-0.005808,0.002699,-0.069138,0.001414,-0.000840,0.001286,346.375763,350.838562,-1.000000,0.000000,0.000000
482149740.345929,0.095963,-0.010422,-1.050751,0.009638,0.009520,0.002747,0.999950,0.002839,-0.009638,-0.002747,0.999951,0.009520,0.009664,-0.009493,0.999908,0.009638,-0.009520,-0.999908,-0.005808,0.002699,-0.069138,0.001414,-0.000840,0.001286,346.375763,350.838562,-1.000000,0.000000,0.000000
482149740.355930,0.070282,-0.014893,-1.047989,0.009638,0.009520,0.002747,0.999950,0.002839,-0.009638,-0.002747,0.999951,0.009520,0.009664,-0.009493,0.999908,0.009638,-0.009520,-0.999908,-0.005808,0.002699,-0.069138,0.001414,-0.000840,0.001286,346.375763,350.838562,-1.000000,0.000000,0.000000
482149740.366191,-0.121902,-0.014297,-1.069977,0.009638,0.009520,0.002747,0.999950,0.002839,-0.009638,-0.002747,0.999951,0.009520,0.009664,-0.009493,0.999908,0.009638,-0.009520,-0.999908,-0.005808,0.002699,-0.069138,0.001414,-0.000840,0.001286,346.375763,350.838562,-1.000000,0.000000,0.000000
482149740.379062,-0.047501,-0.020599,-1.054733,0.009638,0.009520,0.002747,0.999950,0.002839,-0.009638,-0.002747,0.999951,0.009520,0.009664,-0.009493,0.999908,0.009638,-0.009520,-0.999908,-0.005808,0.002699,-0.069138,0.001414,-0.000840,0.001286,346.375763,350.838562,-1.000000,0.000000,0.000000
482149740.386677,-0.082413,-0.009064,-1.063782,0.009638,0.009520,0.002747,0.999950,0.002839,-0.009638,-0.002747,0.999951,0.009520,0.009664,-0.009493,0.999908,0.009638,-0.009520,-0.999908,-0.005808,0.002699,-0.069138,0.001414,-0.000840,0.001286,346.375763,350.838562,-1.000000,0.000000,0.000000
482149740.396057,-0.082413,-0.009064,-1.063782,0.009638,0.009520,0.002747,0.999950,0.002839,-0.009638,-0.002747,0.999951,0.009520,0.009664,-0.009493,0.999908,0.009638,-0.009520,-0.999908,-0.005808,0.002699,-0.069138,0.001414,-0.000840,0.001286,346.375763,350.838562,-1.000000,0.000000,0.000000
482149740.406130,-0.085175,-0.021851,-1.050110,0.009638,0.009520,0.002747,0.999950,0.002839,-0.009638,-0.002747,0.999951,0.009520,0.009664,-0.009493,0.999908,0.009638,-0.009520,-0.999908,-0.005808,0.002699,-0.069138,0.001414,-0.000840,0.001286,346.375763,350.838562,-1.000000,0.000000,0.000000
482149740.415045,0.053741,-0.015854,-1.091232,0.009638,0.009520,0.002747,0.999950,0.002839,-0.009638,-0.002747,0.999951,0.009520,0.009664,-0.009493,0.999908,0.009638,-0.009520,-0.999908,-0.005808,0.002699,-0.069138,0.001414,-0.000840,0.001286,346.375763,350.838562,-1.000000,0.000000,0.000000
482149740.429879,0.074371,-0.013153,-1.072464,0.009638,0.009520,0.002747,0.999950,0.002839,-0.009638,-0.002747,0.999951,0.009520,0.009664,-0.009493,0.999908,0.009638,-0.009520,-0.999908,-0.005808,0.002699,-0.069138,0.001414,-0.000840,0.001286,346.375763,350.838562,-1.000000,0.000000,0.000000
482149740.435703,0.074371,-0.013153,-1.072464,0.009638,0.009520,0.002747,0.999950,0.002839,-0.009638,-0.002747,0.999951,0.009520,0.009664,-0.009493,0.999908,0.009638,-0.009520,-0.999908,-0.005808,0.002699,-0.069138,0.001414,-0.000840,0.001286,346.375763,350.838562,-1.000000,0.000000,0.000000
482149740.445813,0.089005,-0.005447,-1.064499,0.009638,0.009520,0.002747,0.999950,0.002839,-0.009638,-0.002747,0.999951,0.009520,0.009664,-0.009493,0.999908,0.009638,-0.009520,-0.999908,-0.005808,0.002699,-0.069138,0.001414,-0.000840,0.001286,346.375763,350.838562,-1.000000,0.000000,0.000000
482149740.456241,-0.002930,-0.012665,-1.074997,0.009638,0.009520,0.002747,0.999950,0.002839,-0.009638,-0.002747,0.999951,0.009520,0.009664,-0.009493,0.999908,0.009638,-0.009520,-0.999908,-0.005808,0.002699,-0.069138,0.001414,-0.000840,0.001286,346.375763,350.838562,-1.000000,0.000000,0.000000
482149740.465117,-0.102234,-0.009659,-1.061005,0.009638,0.009520,0.002747,0.999950,0.002839,-0.009638,-0.002747,0.999951,0.009520,0.009664,-0.009493,0.999908,0.009638,-0.009520,-0.999908,-0.005808,0.002699,-0.069138,0.001414,-0.000840,0.001286,346.375763,350.838562,-1.000000,0.000000,0.000000
482149740.478486,-0.041626,-0.020645,-1.044876,0.009638,0.009520,0.002747,0.999950,0.002839,-0.009638,-0.002747,0.999951,0.009520,0.009664,-0.009493,0.999908,0.009638,-0.009520,-0.999908,-0.005808,0.002699,-0.069138,0.001414,-0.000840,0.001286,346.375763,350.838562,-1.000000,0.000000,0.000000
482149740.487008,-0.041626,-0.020645,-1.044876,0.009638,0.009520,0.002747,0.999950,0.002839,-0.009638,-0.002747,0.999951,0.009520,0.009664,-0.009493,0.999908,0.009638,-0.009520,-0.999908,-0.005808,0.002699,-0.069138,0.001414,-0.000840,0.001286,346.375763,350.838562,-1.000000,0.000000,0.000000
482149740.496094,-0.052582,-0.010681,-1.070435,0.009638,0.009520,0.002747,0.999950,0.002839,-0.009638,-0.002747,0.999951,0.009520,0.009664,-0.009493,0.999908,0.009638,-0.009520,-0.999908,-0.005808,0.002699,-0.069138,0.001414,-0.000840,0.001286,346.375763,350.838562,-1.000000,0.000000,0.000000
482149740.506171,-0.078354,-0.017014,-1.050049,0.009638,0.009520,0.002747,0.999950,0.002839,-0.009638,-0.002747,0.999951,0.009520,0.009664,-0.009493,0.999908,0.009638,-0.009520,-0.999908,-0.005808,0.002699,-0.069138,0.001414,-0.000840,0.001286,346.375763,350.838562,-1.000000,0.000000,0.000000
482149740.515014,0.018875,-0.015015,-1.066986,0.009638,0.009520,0.002747,0.999950,0.002839,-0.009638,-0.002747,0.999951,0.009520,0.009664,-0.009493,0.999908,0.009638,-0.009520,-0.999908,-0.005808,0.002699,-0.069138,0.001414,-0.000840,0.001286,346.375763,350.838562,-1.000000,0.000000,0.000000
482149740.526225,0.140900,-0.021301,-1.060226,0.009638,0.009520,0.002747,0.999950,0.002839,-0.009638,-0.002747,0.999951,0.009520,0.009664,-0.009493,0.999908,0.009638,-0.009520,-0.999908,-0.005808,0.002699,-0.069138,0.001414,-0.000840,0.001286,346.375763,350.838562,-1.000000,0.000000,0.000000
482149740.536053,0.071259,-0.016846,-1.039169,0.009638,0.009520,0.002747,0.999950,0.002839,-0.009638,-0.002747,0.999951,0.009520,0.009664,-0.009493,0.999908,0.009638,-0.009520,-0.999908,-0.005808,0.002699,-0.069138,0.001414,-0.000840,0.001286,346.375763,350.838562,-1.000000,0.000000,0.000000
482149740.546152,0.060242,-0.001999,-1.075485,0.009638,0.009520,0.002747,0.999950,0.002839,-0.009638,-0.002747,0.999951,0.009520,0.009664,-0.009493,0.999908,0.009638,-0.009520,-0.999908,-0.005808,0.002699,-0.069138,0.001414,-0.000840,0.001286,346.375763,350.838562,-1.000000,0.000000,0.000000
482149740.556149,-0.019897,-0.017105,-1.044724,0.009638,0.009520,0.002747,0.999950,0.002839,-0.009638,-0.002747,0.999951,0.009520,0.009664,-0.009493,0.999908,0.009638,-0.009520,-0.999908,-0.005808,0.002699,-0.069138,0.001414,-0.000840,0.001286,346.375763,350.838562,-1.000000,0.000000,0.000000
482149740.565808,-0.115967,-0.010529,-1.080704,0.009638,0.009520,0.002747,0.999950,0.002839,-0.009638,-0.002747,0.999951,0.009520,0.009664,-0.009493,0.999908,0.009638,-0.009520,-0.999908,-0.005808,0.002699,-0.069138,0.001414,-0.000840,0.001286,346.375763,350.838562,-1.000000,0.000000,0.000000
482149740.576131,-0.156754,-0.011566,-1.058441,0.009638,0.009520,0.002747,0.999950,0.002839,-0.009638,-0.002747,0.999951,0.009520,0.009664,-0.009493,0.999908,0.009638,-0.009520,-0.999908,-0.005808,0.002699,-0.069138,0.001414,-0.000840,0.001286,346.375763,350.838562,-1.000000,0.000000,0.000000
482149740.587090,-0.070343,-0.006531,-1.095078,0.009638,0.009520,0.002747,0.999950,0.002839,-0.009638,-0.002747,0.999951,0.009520,0.009664,-0.009493,0.999908,0.009638,-0.009520,-0.999908,-0.005808,0.002699,-0.069138,0.001414,-0.000840,0.001286,346.375763,350.838562,-1.000000,0.000000,0.000000
482149740.595907,-0.070343,-0.006531,-1.095078,0.009638,0.009520,0.002747,0.999950,0.002839,-0.009638,-0.002747,0.999951,0.009520,0.009664,-0.009493,0.999908,0.009638,-0.009520,-0.999908,-0.005808,0.002699,-0.069138,0.001414,-0.000840,0.001286,346.375763,350.838562,-1.000000,0.000000,0.000000
482149740.607602,-0.086594,-0.005875,-1.045197,0.009638,0.009520,0.002747,0.999950,0.002839,-0.009638,-0.002747,0.999951,0.009520,0.009664,-0.009493,0.999908,0.009638,-0.009520,-0.999908,-0.005808,0.002699,-0.069138,0.001414,-0.000840,0.001286,346.375763,350.838562,-1.000000,0.000000,0.000000
482149740.618427,0.022644,0.000595,-1.094376,0.009638,0.009520,0.002747,0.999950,0.002839,-0.009638,-0.002747,0.999951,0.009520,0.009664,-0.009493,0.999908,0.009638,-0.009520,-0.999908,-0.005808,0.002699,-0.069138,0.001414,-0.000840,0.001286,346.375763,350.838562,-1.000000,0.000000,0.000000
482149740.626056,0.174225,-0.001205,-1.075653,0.009638,0.009520,0.002747,0.999950,0.002839,-0.009638,-0.002747,0.999951,0.009520,0.009664,-0.009493,0.999908,0.009638,-0.009520,-0.999908,-0.005808,0.002699,-0.069138,0.001414,-0.000840,0.001286,346.375763,350.838562,-1.000000,0.000000,0.000000
482149740.636105,0.126480,-0.011795,-1.016220,0.009638,0.009520,0.002747,0.999950,0.002839,-0.009638,-0.002747,0.999951,0.009520,0.009664,-0.009493,0.999908,0.009638,-0.009520,-0.999908,-0.005808,0.002699,-0.069138,0.001414,-0.000840,0.001286,346.375763,350.838562,-1.000000,0.000000,0.000000
482149740.646179,0.103104,-0.007874,-1.087906,0.009638,0.009520,0.002747,0.999950,0.002839,-0.009638,-0.002747,0.999951,0.009520,0.009664,-0.009493,0.999908,0.009638,-0.009520,-0.999908,-0.005808,0.002699,-0.069138,0.001414,-0.000840,0.001286,346.375763,350.838562,-1.000000,0.000000,0.000000
482149740.656083,0.023514,-0.009964,-1.040497,0.009638,0.009520,0.002747,0.999950,0.002839,-0.009638,-0.002747,0.999951,0.009520,0.009664,-0.009493,0.999908,0.009638,-0.009520,-0.999908,-0.005808,0.002699,-0.069138,0.001414,-0.000840,0.001286,346.375763,350.838562,-1.000000,0.000000,0.000000
482149740.665633,-0.069473,-0.005493,-1.084274,0.009638,0.009520,0.002747,0.999950,0.002839,-0.009638,-0.002747,0.999951,0.009520,0.009664,-0.009493,0.999908,0.009638,-0.009520,-0.999908,-0.005808,0.002699,-0.069138,0.001414,-0.000840,0.001286,346.375763,350.838562,-1.000000,0.000000,0.000000
482149740.676048,-0.160904,-0.005478,-1.051605,0.009638,0.009520,0.002747,0.999950,0.002839,-0.009638,-0.002747,0.999951,0.009520,0.009664,-0.009493,0.999908,0.009638,-0.009520,-0.999908,-0.005808,0.002699,-0.069138,0.001414,-0.000840,0.001286,346.375763,350.838562,-1.000000,0.000000,0.000000
482149740.686561,-0.091461,-0.007797,-1.049149,0.009638,0.009520,0.002747,0.999950,0.002839,-0.009638,-0.002747,0.999951,0.009520,0.009664,-0.009493,0.999908,0.009638,-0.009520,-0.999908,-0.005808,0.002699,-0.069138,0.001414,-0.000840,0.001286,346.375763,350.838562,-1.000000,0.000000,0.000000
482149740.696924,-0.036911,-0.003052,-1.069351,0.009638,0.009520,0.002747,0.999950,0.002839,-0.009638,-0.002747,0.999951,0.009520,0.009664,-0.009493,0.999908,0.009638,-0.009520,-0.999908,-0.005808,0.002699,-0.069138,0.001414,-0.000840,0.001286,346.375763,350.838562,-1.000000,0.000000,0.000000
482149740.705520,-0.036911,-0.003052,-1.069351,0.009638,0.009520,0.002747,0.999950,0.002839,-0.009638,-0.002747,0.999951,0.009520,0.009664,-0.009493,0.999908,0.009638,-0.009520,-0.999908,-0.005808,0.002699,-0.069138,0.001414,-0.000840,0.001286,346.375763,350.838562,-1.000000,0.000000,0.000000
482149740.716090,0.118057,-0.015976,-1.071167,0.009638,0.009520,0.002747,0.999950,0.002839,-0.009638,-0.002747,0.999951,0.009520,0.009664,-0.009493,0.999908,0.009638,-0.009520,-0.999908,-0.005808,0.002699,-0.069138,0.001414,-0.000840,0.001286,346.375763,350.838562,-1.000000,0.000000,0.000000
482149740.726106,0.199020,-0.004593,-1.064682,0.009638,0.009520,0.002747,0.999950,0.002839,-0.009638,-0.002747,0.999951,0.009520,0.009664,-0.009493,0.999908,0.009638,-0.009520,-0.999908,-0.005808,0.002699,-0.069138,0.001414,-0.000840,0.001286,346.375763,350.838562,-1.000000,0.000000,0.000000
482149740.736330,0.137650,-0.006424,-1.070038,0.009638,0.009520,0.002747,0.999950,0.002839,-0.009638,-0.002747,0.999951,0.009520,0.009664,-0.009493,0.999908,0.009638,-0.009520,-0.999908,-0.005808,0.002699,-0.069138,0.001414,-0.000840,0.001286,346.375763,350.838562,-1.000000,0.000000,0.000000
482149740.745436,0.119858,-0.011963,-1.061356,0.009638,0.009520,0.002747,0.999950,0.002839,-0.009638,-0.002747,0.999951,0.009520,0.009664,-0.009493,0.999908,0.009638,-0.009520,-0.999908,-0.005808,0.002699,-0.069138,0.001414,-0.000840,0.001286,346.375763,350.838562,-1.000000,0.000000,0.000000
482149740.755988,0.055313,-0.008698,-1.055954,0.009638,0.009520,0.002747,0.999950,0.002839,-0.009638,-0.002747,0.999951,0.009520,0.009664,-0.009493,0.999908,0.009638,-0.009520,-0.999908,-0.005808,0.002699,-0.069138,0.001414,-0.000840,0.001286,346.375763,350.838562,-1.000000,0.000000,0.000000
482149740.766111,-0.042633,-0.015747,-1.056656,0.009638,0.009520,0.002747,0.999950,0.002839,-0.009638,-0.002747,0.999951,0.009520,0.009664,-0.009493,0.999908,0.009638,-0.009520,-0.999908,-0.005808,0.002699,-0.069138,0.001414,-0.000840,0.001286,346.375763,350.838562,-1.000000,0.000000,0.000000
482149740.776074,-0.139862,-0.013855,-1.055389,0.009638,0.009520,0.002747,0.999950,0.002839,-0.009638,-0.002747,0.999951,0.009520,0.009664,-0.009493,0.999908,0.009638,-0.009520,-0.999908,-0.005808,0.002699,-0.069138,0.001414,-0.000840,0.001286,346.375763,350.838562,-1.000000,0.000000,0.000000
482149740.786427,-0.139862,-0.013855,-1.055389,0.009638,0.009520,0.002747,0.999950,0.002839,-0.009638,-0.002747,0.999951,0.009520,0.009664,-0.009493,0.999908,0.009638,-0.009520,-0.999908,-0.005808,0.002699,-0.069138,0.001414,-0.000840,0.001286,346.375763,350.838562,-1.000000,0.000000,0.000000
482149740.799332,-0.025925,-0.013000,-1.043793,0.009638,0.009520,0.002747,0.999950,0.002839,-0.009638,-0.002747,0.999951,0.009520,0.009664,-0.009493,0.999908,0.009638,-0.009520,-0.999908,-0.005808,0.002699,-0.069138,0.001414,-0.000840,0.001286,346.375763,350.838562,-1.000000,0.000000,0.000000
482149740.805834,-0.025925,-0.013000,-1.043793,0.009638,0.009520,0.002747,0.999950,0.002839,-0.009638,-0.002747,0.999951,0.009520,0.009664,-0.009493,0.999908,0.009638,-0.009520,-0.999908,-0.005808,0.002699,-0.069138,0.001414,-0.000840,0.001286,346.375763,350.838562,-1.000000,0.000000,0.000000
482149740.815264,0.140686,-0.003632,-1.089615,0.080363,0.008777,-0.000285,0.996773,0.000421,-0.080273,0.000285,0.999961,0.008777,0.080274,-0.008771,0.996734,0.080273,-0.008777,-0.996734,-0.220135,-0.005078,-0.058655,0.003931,0.000351,0.002284,346.375763,350.838562,-1.000000,0.000000,0.000000
482149740.826199,0.201187,-0.012543,-1.062729,0.080355,0.008800,-0.000331,0.996773,0.000377,-0.080265,0.000331,0.999961,0.008800,0.080266,-0.008798,0.996735,0.080265,-0.008800,-0.996735,-0.189503,0.002238,-0.067245,-0.000998,0.002615,0.001034,346.375763,350.838562,-1.000000,0.000000,0.000000
482149740.837225,0.156708,-0.008942,-1.093414,0.080355,0.008800,-0.000331,0.996773,0.000377,-0.080265,0.000331,0.999961,0.008800,0.080266,-0.008798,0.996735,0.080265,-0.008800,-0.996735,-0.189503,0.002238,-0.067245,-0.000998,0.002615,0.001034,346.375763,350.838562,-1.000000,0.000000,0.000000
482149740.845877,0.131439,-0.011887,-1.016190,0.080355,0.008797,-0.000268,0.996773,0.000439,-0.080266,0.000268,0.999961,0.008797,0.080266,-0.008790,0.996735,0.080266,-0.008797,-0.996735,0.060420,0.005166,-0.092880,-0.004694,0.000268,-0.000217,346.375763,350.838562,-1.000000,0.000000,0.000000
482149740.855162,0.058411,-0.025360,-1.015747,0.080386,0.008830,-0.000260,0.996771,0.000449,-0.080297,0.000260,0.999961,0.008830,0.080298,-0.008823,0.996732,0.080297,-0.008830,-0.996732,0.120890,-0.003713,-0.065997,0.007639,0.002665,-0.000157,346.375763,350.838562,-1.000000,0.000000,0.000000
482149740.866972,-0.197296,-0.009903,-1.076401,0.080404,0.008929,-0.000284,0.996769,0.000434,-0.080314,0.000284,0.999960,0.008929,0.080315,-0.008923,0.996730,0.080314,-0.008929,-0.996730,0.076393,-0.000012,-0.096685,0.001456,-0.001955,0.004731,346.375763,350.838562,-1.000000,0.000000,0.000000
482149740.877759,-0.123016,-0.011246,-1.063110,0.080404,0.008929,-0.000284,0.996769,0.000434,-0.080314,0.000284,0.999960,0.008929,0.080315,-0.008923,0.996730,0.080314,-0.008929,-0.996730,0.076393,-0.000012,-0.096685,0.001456,-0.001955,0.004731,346.375763,350.838562,-1.000000,0.000000,0.000000
482149740.885325,-0.123016,-0.011246,-1.063110,0.080419,0.008989,-0.000242,0.996768,0.000481,-0.080329,0.000242,0.999960,0.008989,0.080330,-0.008979,0.996728,0.080329,-0.008989,-0.996728,0.051110,-0.002898,-0.019462,0.006386,0.001554,0.005990,346.375763,350.838562,-1.000000,0.000000,0.000000
482149740.896035,-0.058548,-0.013474,-1.059708,0.080408,0.008991,-0.000276,0.996769,0.000447,-0.080318,0.000276,0.999960,0.008991,0.080319,-0.008984,0.996729,0.080318,-0.008991,-0.996729,-0.277614,-0.000912,-0.079672,0.001461,0.004963,0.003511,346.375763,350.838562,-1.000000,0.000000,0.000000
482149740.906034,-0.062408,-0.012512,-1.075424,0.080408,0.008991,-0.000276,0.996769,0.000447,-0.080318,0.000276,0.999960,0.008991,0.080319,-0.008984,0.996729,0.080318,-0.008991,-0.996729,-0.277614,-0.000912,-0.079672,0.001461,0.004963,0.003511,346.375763,350.838562,-1.000000,0.000000,0.000000
482149740.915683,0.094070,-0.010483,-1.062515,0.080411,0.009024,-0.000269,0.996769,0.000457,-0.080321,0.000269,0.999959,0.009024,0.080322,-0.009016,0.996728,0.080321,-0.009024,-0.996728,-0.203338,-0.002222,-0.066382,0.005160,-0.000785,0.003519,346.375763,350.838562,-1.000000,0.000000,0.000000
482149740.925986,0.176498,-0.013153,-1.073700,0.080417,0.009012,-0.000248,0.996768,0.000477,-0.080327,0.000248,0.999959,0.009012,0.080328,-0.009003,0.996728,0.080327,-0.009012,-0.996728,-0.142736,-0.003500,-0.078696,-0.000992,0.008378,-0.000188,346.375763,350.838562,-1.000000,0.000000,0.000000
482149740.935154,0.087158,-0.003616,-1.090973,0.080417,0.009012,-0.000248,0.996768,0.000477,-0.080327,0.000248,0.999959,0.009012,0.080328,-0.009003,0.996728,0.080327,-0.009012,-0.996728,-0.142736,-0.003500,-0.078696,-0.000992,0.008378,-0.000188,346.375763,350.838562,-1.000000,0.000000,0.000000
482149740.945366,0.109909,-0.021454,-1.024185,0.080431,0.009022,-0.000232,0.996767,0.000493,-0.080341,0.000232,0.999959,0.009022,0.080342,-0.009011,0.996727,0.080341,-0.009022,-0.996727,0.013729,-0.001461,-0.065789,0.002702,0.001486,0.001049,346.375763,350.838562,-1.000000,0.000000,0.000000
482149740.956374,0.001740,-0.010513,-1.040649,0.080466,0.009072,-0.000186,0.996765,0.000544,-0.080375,0.000186,0.999959,0.009072,0.080377,-0.009058,0.996723,0.080375,-0.009072,-0.996723,0.006783,0.005456,-0.094250,0.007622,-0.001912,0.004759,346.375763,350.838562,-1.000000,0.000000,0.000000
482149740.966180,-0.122040,-0.003494,-1.086609,0.080466,0.009072,-0.000186,0.996765,0.000544,-0.080375,0.000186,0.999959,0.009072,0.080377,-0.009058,0.996723,0.080375,-0.009072,-0.996723,0.006783,0.005456,-0.094250,0.007622,-0.001912,0.004759,346.375763,350.838562,-1.000000,0.000000,0.000000
482149740.975189,-0.080383,-0.012039,-1.056931,0.080480,0.009085,-0.000207,0.996763,0.000524,-0.080390,0.000207,0.999959,0.009085,0.080391,-0.009072,0.996722,0.080390,-0.009085,-0.996722,0.006769,0.005468,-0.094251,-0.002223,0.003740,-0.001432,346.375763,350.838562,-1.000000,0.000000,0.000000
482149740.986042,-0.072495,-0.006332,-1.072540,0.080481,0.009173,-0.000211,0.996763,0.000527,-0.080391,0.000211,0.999958,0.009173,0.080392,-0.009161,0.996721,0.080391,-0.009173,-0.996721,-0.078651,-0.001340,-0.043928,0.001456,0.001509,0.004736,346.375763,350.838562,-1.000000,0.000000,0.000000
482149740.998379,-0.072495,-0.006332,-1.072540,0.080481,0.009173,-0.000211,0.996763,0.000527,-0.080391,0.000211,0.999958,0.009173,0.080392,-0.009161,0.996721,0.080391,-0.009173,-0.996721,-0.078651,-0.001340,-0.043928,0.001456,0.001509,0.004736,346.375763,350.838562,-1.000000,0.000000,0.000000
482149741.007159,-0.096298,-0.011688,-1.052139,0.080462,0.009228,-0.000163,0.996765,0.000579,-0.080371,0.000163,0.999957,0.009227,0.080373,-0.009211,0.996722,0.080371,-0.009227,-0.996722,-0.202411,0.005733,-0.089887,0.005147,-0.003063,0.007208,346.375763,350.838562,-1.000000,0.000000,0.000000
482149741.016102,0.047409,-0.007629,-1.064804,0.080424,0.009337,-0.000206,0.996768,0.000545,-0.080333,0.000206,0.999956,0.009337,0.080335,-0.009323,0.996724,0.080333,-0.009337,-0.996724,-0.152828,0.003005,-0.075816,0.006394,0.001533,0.003528,346.375763,350.838562,-1.000000,0.000000,0.000000
482149741.027202,0.179413,-0.018967,-1.045242,0.080424,0.009337,-0.000206,0.996768,0.000545,-0.080333,0.000206,0.999956,0.009337,0.080335,-0.009323,0.996724,0.080333,-0.009337,-0.996724,-0.152828,0.003005,-0.075816,0.006394,0.001533,0.003528,346.375763,350.838562,-1.000000,0.000000,0.000000
482149741.044746,0.105011,-0.008789,-1.074203,0.080415,0.009282,-0.000167,0.996769,0.000579,-0.080325,0.000167,0.999957,0.009282,0.080327,-0.009266,0.996726,0.080325,-0.009282,-0.996726,-0.176623,-0.002406,-0.055414,-0.010865,-0.000920,0.000983,346.375763,350.838562,-1.000000,0.000000,0.000000
482149741.055983,-0.040771,-0.013733,-1.047806,0.080466,0.009289,-0.000063,0.996764,0.000683,-0.080375,0.000063,0.999957,0.009289,0.080378,-0.009264,0.996721,0.080375,-0.009289,-0.996721,0.099038,-0.009678,-0.048521,-0.004710,0.000310,0.004706,346.375763,350.838562,-1.000000,0.000000,0.000000
482149741.065973,-0.151733,-0.007828,-1.078995,0.080508,0.009323,-0.000038,0.996761,0.000712,-0.080418,0.000038,0.999957,0.009323,0.080421,-0.009296,0.996718,0.080418,-0.009323,-0.996718,0.098995,-0.009643,-0.048525,0.010103,0.006157,0.001089,346.375763,350.838562,-1.000000,0.000000,0.000000
482149741.075871,-0.156876,-0.009521,-1.048645,0.080538,0.009482,-0.000072,0.996759,0.000691,-0.080447,0.000072,0.999955,0.009482,0.080450,-0.009457,0.996714,0.080447,-0.009482,-0.996714,0.032529,0.001486,-0.084295,0.006418,0.002625,-0.003857,346.375763,350.838562,-1.000000,0.000000,0.000000
482149741.085892,-0.084335,-0.003281,-1.094177,0.080538,0.009482,-0.000072,0.996759,0.000691,-0.080447,0.000072,0.999955,0.009482,0.080450,-0.009457,0.996714,0.080447,-0.009482,-0.996714,0.032529,0.001486,-0.084295,0.006418,0.002625,-0.003857,346.375763,350.838562,-1.000000,0.000000,0.000000
482149741.095796,-0.090439,-0.007874,-1.055038,0.080541,0.009567,-0.000008,0.996758,0.000762,-0.080450,0.000008,0.999954,0.009567,0.080454,-0.009537,0.996713,0.080450,-0.009567,-0.996713,-0.121222,-0.004166,-0.051093,0.006377,0.000420,0.008450,346.375763,350.838562,-1.000000,0.000000,0.000000
482149741.105494,0.040665,-0.013474,-1.070755,0.080587,0.009648,0.000042,0.996755,0.000818,-0.080496,-0.000042,0.999953,0.009648,0.080500,-0.009613,0.996708,0.080496,-0.009648,-0.996708,-0.237372,0.000126,-0.051937,0.003923,0.001526,0.004747,346.375763,350.838562,-1.000000,0.000000,0.000000
482149741.117934,0.171265,-0.011795,-1.039429,0.080595,0.009604,0.000067,0.996754,0.000840,-0.080504,-0.000067,0.999954,0.009604,0.080508,-0.009567,0.996708,0.080504,-0.009604,-0.996708,-0.164839,0.006323,-0.097469,-0.003462,-0.000878,-0.000214,346.375763,350.838562,-1.000000,0.000000,0.000000
482149741.125948,0.171265,-0.011795,-1.039429,0.080595,0.009604,0.000067,0.996754,0.000840,-0.080504,-0.000067,0.999954,0.009604,0.080508,-0.009567,0.996708,0.080504,-0.009604,-0.996708,-0.164839,0.006323,-0.097469,-0.003462,-0.000878,-0.000214,346.375763,350.838562,-1.000000,0.000000,0.000000
482149741.135656,0.194229,-0.007568,-1.076477,0.080624,0.009734,0.000132,0.996751,0.000915,-0.080533,-0.000132,0.999953,0.009734,0.080538,-0.009692,0.996704,0.080533,-0.009734,-0.996704,-0.170972,0.001860,-0.058334,0.010082,0.002745,0.007239,346.375763,350.838562,-1.000000,0.000000,0.000000
482149741.145168,0.141922,-0.015518,-1.082764,0.080628,0.009805,0.000244,0.996751,0.001033,-0.080536,-0.000244,0.999952,0.009805,0.080543,-0.009754,0.996703,0.080536,-0.009805,-0.996703,-0.039872,-0.003668,-0.074052,0.002653,-0.001853,0.015815,346.375763,350.838562,-1.000000,0.000000,0.000000
482149741.156471,0.022614,-0.010040,-1.055191,0.080577,0.009753,0.000281,0.996755,0.001065,-0.080486,-0.000281,0.999952,0.009753,0.080492,-0.009698,0.996708,0.080486,-0.009753,-0.996708,0.113743,0.002184,-0.079769,0.003955,0.000287,-0.005103,346.375763,350.838562,-1.000000,0.000000,0.000000
482149741.165603,-0.067490,-0.010361,-1.065643,0.080577,0.009753,0.000281,0.996755,0.001065,-0.080486,-0.000281,0.999952,0.009753,0.080492,-0.009698,0.996708,0.080486,-0.009753,-0.996708,0.113743,0.002184,-0.079769,0.003955,0.000287,-0.005103,346.375763,350.838562,-1.000000,0.000000,0.000000
482149741.175916,-0.253006,-0.005768,-1.066010,0.080546,0.009758,0.000248,0.996758,0.001033,-0.080455,-0.000248,0.999952,0.009758,0.080462,-0.009707,0.996710,0.080455,-0.009758,-0.996710,0.061467,-0.005760,-0.086053,0.002729,-0.002052,-0.007575,346.375763,350.838562,-1.000000,0.000000,0.000000
482149741.185835,-0.148849,-0.005844,-1.071136,0.080581,0.009870,0.000230,0.996755,0.001024,-0.080490,-0.000230,0.999951,0.009870,0.080496,-0.009819,0.996707,0.080490,-0.009870,-0.996707,-0.147980,-0.000491,-0.068937,0.003928,0.003825,0.003520,346.375763,350.838562,-1.000000,0.000000,0.000000
482149741.195745,-0.125229,-0.008072,-1.040588,0.080581,0.009870,0.000230,0.996755,0.001024,-0.080490,-0.000230,0.999951,0.009870,0.080496,-0.009819,0.996707,0.080490,-0.009870,-0.996707,-0.147980,-0.000491,-0.068937,0.003928,0.003825,0.003520,346.375763,350.838562,-1.000000,0.000000,0.000000
482149741.206262,-0.044632,-0.005020,-1.090942,0.080574,0.009968,0.000226,0.996755,0.001028,-0.080482,-0.000226,0.999950,0.009968,0.080489,-0.009918,0.996706,0.080482,-0.009968,-0.996706,-0.333488,0.004200,-0.069303,0.003934,-0.003124,0.001046,346.375763,350.838562,-1.000000,0.000000,0.000000
482149741.217085,0.125778,-0.013992,-1.049545,0.080580,0.010047,0.000253,0.996755,0.001061,-0.080489,-0.000253,0.999950,0.010047,0.080495,-0.009994,0.996705,0.080489,-0.010047,-0.996705,-0.229338,0.004203,-0.074432,0.006398,0.001523,0.002296,346.375763,350.838562,-1.000000,0.000000,0.000000
482149741.226032,0.201035,-0.000778,-1.081329,0.080580,0.010047,0.000253,0.996755,0.001061,-0.080489,-0.000253,0.999950,0.010047,0.080495,-0.009994,0.996705,0.080489,-0.010047,-0.996705,-0.229338,0.004203,-0.074432,0.006398,0.001523,0.002296,346.375763,350.838562,-1.000000,0.000000,0.000000
482149741.235093,0.201035,-0.000778,-1.081329,0.080505,0.010094,0.000211,0.996761,0.001022,-0.080414,-0.000211,0.999949,0.010094,0.080420,-0.010045,0.996710,0.080414,-0.010094,-0.996710,-0.205643,0.002022,-0.043878,0.007640,-0.008893,-0.001408,346.375763,350.838562,-1.000000,0.000000,0.000000
482149741.246102,0.145599,-0.014374,-1.048431,0.080516,0.010127,0.000259,0.996760,0.001072,-0.080425,-0.000259,0.999949,0.010127,0.080432,-0.010073,0.996709,0.080425,-0.010127,-0.996709,0.045353,-0.003866,-0.052836,-0.001018,0.002666,0.007188,346.375763,350.838562,-1.000000,0.000000,0.000000
482149741.256048,0.038467,-0.003540,-1.074677,0.080516,0.010127,0.000259,0.996760,0.001072,-0.080425,-0.000259,0.999949,0.010127,0.080432,-0.010073,0.996709,0.080425,-0.010127,-0.996709,0.045353,-0.003866,-0.052836,-0.001018,0.002666,0.007188,346.375763,350.838562,-1.000000,0.000000,0.000000
482149741.266066,-0.050644,-0.012604,-1.055725,0.080570,0.010211,0.000310,0.996756,0.001131,-0.080479,-0.000310,0.999948,0.010211,0.080486,-0.010153,0.996704,0.080479,-0.010211,-0.996704,0.120555,0.009433,-0.084625,0.005150,0.007329,0.007224,346.375763,350.838562,-1.000000,0.000000,0.000000
482149741.276019,-0.195404,-0.010849,-1.063644,0.080655,0.010294,0.000385,0.996749,0.001213,-0.080564,-0.000384,0.999947,0.010294,0.080572,-0.010229,0.996696,0.080564,-0.010294,-0.996696,-0.042096,0.006754,-0.077980,0.010105,0.001528,-0.000149,346.375763,350.838562,-1.000000,0.000000,0.000000
482149741.286160,-0.135056,-0.011856,-1.041641,0.080655,0.010294,0.000385,0.996749,0.001213,-0.080564,-0.000384,0.999947,0.010294,0.080572,-0.010229,0.996696,0.080564,-0.010294,-0.996696,-0.042096,0.006754,-0.077980,0.010105,0.001528,-0.000149,346.375763,350.838562,-1.000000,0.000000,0.000000
482149741.296103,-0.100052,-0.016693,-1.065887,0.080720,0.010289,0.000371,0.996744,0.001199,-0.080628,-0.000371,0.999947,0.010289,0.080636,-0.010226,0.996691,0.080628,-0.010289,-0.996691,-0.131272,-0.002315,-0.059034,-0.002225,0.010678,-0.000191,346.375763,350.838562,-1.000000,0.000000,0.000000
482149741.306171,-0.044815,-0.005829,-1.064484,0.080766,0.010329,0.000358,0.996740,0.001190,-0.080674,-0.000358,0.999947,0.010329,0.080682,-0.010266,0.996687,0.080674,-0.010329,-0.996687,-0.276078,-0.000520,-0.066957,0.001471,-0.003152,-0.000196,346.375763,350.838562,-1.000000,0.000000,0.000000
482149741.316261,0.111816,-0.008804,-1.055527,0.080766,0.010329,0.000358,0.996740,0.001190,-0.080674,-0.000358,0.999947,0.010329,0.080682,-0.010266,0.996687,0.080674,-0.010329,-0.996687,-0.276078,-0.000520,-0.066957,0.001471,-0.003152,-0.000196,346.375763,350.838562,-1.000000,0.000000,0.000000
482149741.325961,0.116653,0.000931,-1.071167,0.080712,0.010325,0.000356,0.996744,0.001188,-0.080621,-0.000356,0.999947,0.010325,0.080629,-0.010263,0.996691,0.080621,-0.010325,-0.996691,-0.215676,-0.001531,-0.044950,0.000241,-0.007791,-0.001440,346.375763,350.838562,-1.000000,0.000000,0.000000
482149741.335270,0.116653,0.000931,-1.071167,0.080696,0.010313,0.000378,0.996745,0.001208,-0.080604,-0.000377,0.999947,0.010313,0.080612,-0.010249,0.996693,0.080604,-0.010313,-0.996693,-0.125419,0.004484,-0.067791,0.005168,0.001503,0.001059,346.375763,350.838562,-1.000000,0.000000,0.000000
482149741.348078,0.141693,-0.015305,-1.052383,0.080696,0.010313,0.000378,0.996745,0.001208,-0.080604,-0.000377,0.999947,0.010313,0.080612,-0.010249,0.996693,0.080604,-0.010313,-0.996693,-0.125419,0.004484,-0.067791,0.005168,0.001503,0.001059,346.375763,350.838562,-1.000000,0.000000,0.000000
482149741.355857,0.047440,-0.001846,-1.089310,0.080677,0.010395,0.000393,0.996747,0.001230,-0.080585,-0.000393,0.999946,0.010395,0.080593,-0.010329,0.996694,0.080585,-0.010395,-0.996694,0.031231,0.001591,-0.058833,0.001463,-0.000822,0.002270,346.375763,350.838562,-1.000000,0.000000,0.000000
482149741.366140,-0.056671,-0.017288,-1.031281,0.080695,0.010498,0.000496,0.996745,0.001340,-0.080603,-0.000496,0.999945,0.010498,0.080612,-0.010424,0.996691,0.080603,-0.010498,-0.996691,0.061091,-0.004807,-0.055692,-0.004715,0.000320,0.005936,346.375763,350.838562,-1.000000,0.000000,0.000000
482149741.376968,-0.198242,-0.007004,-1.092072,0.080695,0.010498,0.000496,0.996745,0.001340,-0.080603,-0.000496,0.999945,0.010498,0.080612,-0.010424,0.996691,0.080603,-0.010498,-0.996691,0.061091,-0.004807,-0.055692,-0.004715,0.000320,0.005936,346.375763,350.838562,-1.000000,0.000000,0.000000
482149741.385832,-0.122101,-0.013138,-1.044495,0.080641,0.010480,0.000543,0.996750,0.001386,-0.080549,-0.000543,0.999945,0.010480,0.080559,-0.010402,0.996696,0.080549,-0.010480,-0.996696,-0.033110,0.008633,-0.092614,0.000216,-0.008883,0.005944,346.375763,350.838562,-1.000000,0.000000,0.000000
482149741.396478,-0.074371,-0.009293,-1.075500,0.080569,0.010531,0.000517,0.996756,0.001363,-0.080477,-0.000517,0.999944,0.010530,0.080487,-0.010455,0.996701,0.080477,-0.010530,-0.996701,-0.137148,-0.006758,-0.034580,0.005160,0.000369,0.003519,346.375763,350.838562,-1.000000,0.000000,0.000000
482149741.406213,0.102158,-0.009811,-1.086975,0.080533,0.010552,0.000526,0.996758,0.001373,-0.080441,-0.000526,0.999944,0.010551,0.080451,-0.010475,0.996704,0.080441,-0.010551,-0.996704,-0.278683,0.003548,-0.095368,0.000226,-0.003130,0.003491,346.375763,350.838562,-1.000000,0.000000,0.000000
482149741.416049,0.213104,-0.016678,-1.050873,0.080533,0.010552,0.000526,0.996758,0.001373,-0.080441,-0.000526,0.999944,0.010551,0.080451,-0.010475,0.996704,0.080441,-0.010551,-0.996704,-0.278683,0.003548,-0.095368,0.000226,-0.003130,0.003491,346.375763,350.838562,-1.000000,0.000000,0.000000
482149741.426172,0.124496,0.004715,-1.075012,0.080567,0.010649,0.000641,0.996755,0.001495,-0.080475,-0.000640,0.999943,0.010649,0.080487,-0.010563,0.996700,0.080475,-0.010649,-0.996700,-0.154847,0.001357,-0.078801,0.001436,0.000406,0.010888,346.375763,350.838562,-1.000000,0.000000,0.000000
482149741.436845,0.123077,-0.020020,-1.067215,0.080559,0.010672,0.000667,0.996756,0.001523,-0.080467,-0.000667,0.999943,0.010672,0.080479,-0.010583,0.996700,0.080467,-0.010672,-0.996700,0.021691,0.000860,-0.090275,0.001467,-0.000832,0.001038,346.375763,350.838562,-1.000000,0.000000,0.000000
482149741.446154,0.123077,-0.020020,-1.067215,0.080559,0.010672,0.000667,0.996756,0.001523,-0.080467,-0.000667,0.999943,0.010672,0.080479,-0.010583,0.996700,0.080467,-0.010672,-0.996700,0.021691,0.000860,-0.090275,0.001467,-0.000832,0.001038,346.375763,350.838562,-1.000000,0.000000,0.000000
