Timestamp,Accel_X,Accel_Y,Accel_Z,Roll,Pitch,Yaw,RM11,RM12,RM13,RM21,RM22,RM23,RM31,RM32,RM33,GravAcc_X,GravAcc_Y,GravAcc_Z,UserAcc_X,UserAcc_Y,UserAcc_Z,RotRate_X,RotRate_Y,RotRate_Z,MagHeading,TrueHeading,HeadingAccuracy,Course,Speed
482148227.534296,0.000000,0.000000,0.000000,0.000000,0.000000,0.000000,0.000000,0.000000,0.000000,0.000000,0.000000,0.000000,0.000000,0.000000,0.000000,0.000000,0.000000,0.000000,0.000000,0.000000,0.000000,0.000000,0.000000,0.000000,0.000000,0.000000,0.000000,0.000000,0.000000
482148227.535159,0.000000,0.000000,0.000000,0.000000,0.000000,0.000000,0.000000,0.000000,0.000000,0.000000,0.000000,0.000000,0.000000,0.000000,0.000000,0.000000,0.000000,0.000000,0.000000,0.000000,0.000000,0.000000,0.000000,0.000000,0.000000,0.000000,0.000000,0.000000,0.000000
482148227.568321,0.000000,0.000000,0.000000,0.000000,0.000000,0.000000,0.000000,0.000000,0.000000,0.000000,0.000000,0.000000,0.000000,0.000000,0.000000,0.000000,0.000000,0.000000,0.000000,0.000000,0.000000,0.000000,0.000000,0.000000,0.000000,0.000000,0.000000,0.000000,0.000000
482148227.576562,0.000000,0.000000,0.000000,0.000000,0.000000,0.000000,0.000000,0.000000,0.000000,0.000000,0.000000,0.000000,0.000000,0.000000,0.000000,0.000000,0.000000,0.000000,0.000000,0.000000,0.000000,0.000000,0.000000,0.000000,0.000000,0.000000,0.000000,0.000000,0.000000
482148227.586149,0.000000,0.000000,0.000000,0.000000,0.000000,0.000000,0.000000,0.000000,0.000000,0.000000,0.000000,0.000000,0.000000,0.000000,0.000000,0.000000,0.000000,0.000000,0.000000,0.000000,0.000000,0.000000,0.000000,0.000000,0.000000,0.000000,0.000000,0.000000,0.000000
482148227.647973,0.007751,-0.007828,-1.064117,0.000000,0.000000,0.000000,0.000000,0.000000,0.000000,0.000000,0.000000,0.000000,0.000000,0.000000,0.000000,0.000000,0.000000,0.000000,0.000000,0.000000,0.000000,0.000000,0.000000,0.000000,0.000000,0.000000,0.000000,0.000000,0.000000
482148227.666821,0.008820,-0.008865,-1.068039,0.000000,0.000000,0.000000,0.000000,0.000000,0.000000,0.000000,0.000000,0.000000,0.000000,0.000000,0.000000,0.000000,0.000000,0.000000,0.000000,0.000000,0.000000,0.000000,0.000000,0.000000,0.000000,0.000000,0.000000,0.000000,0.000000
482148227.715868,0.010803,-0.010834,-1.061157,0.000000,0.000000,0.000000,0.000000,0.000000,0.000000,0.000000,0.000000,0.000000,0.000000,0.000000,0.000000,0.000000,0.000000,0.000000,0.000000,0.000000,0.000000,0.000000,0.000000,0.000000,0.000000,0.000000,0.000000,0.000000,0.000000
482148227.844992,0.004776,-0.005814,-1.066086,0.000000,0.000000,0.000000,0.000000,0.000000,0.000000,0.000000,0.000000,0.000000,0.000000,0.000000,0.000000,0.000000,0.000000,0.000000,0.000000,0.000000,0.000000,0.000000,0.000000,0.000000,0.000000,0.000000,0.000000,0.000000,0.000000
482148227.856206,0.011826,-0.012848,-1.060181,0.000000,0.000000,0.000000,0.000000,0.000000,0.000000,0.000000,0.000000,0.000000,0.000000,0.000000,0.000000,0.000000,0.000000,0.000000,0.000000,0.000000,0.000000,0.000000,0.000000,0.000000,0.000000,0.000000,0.000000,0.000000,0.000000
482148227.870748,0.008850,-0.010834,-1.066071,0.000000,0.000000,0.000000,0.000000,0.000000,0.000000,0.000000,0.000000,0.000000,0.000000,0.000000,0.000000,0.000000,0.000000,0.000000,0.000000,0.000000,0.000000,0.000000,0.000000,0.000000,0.000000,0.000000,0.000000,0.000000,0.000000
482148227.875632,0.011765,-0.008911,-1.065079,0.000000,0.000000,0.000000,0.000000,0.000000,0.000000,0.000000,0.000000,0.000000,0.000000,0.000000,0.000000,0.000000,0.000000,0.000000,0.000000,0.000000,0.000000,0.000000,0.000000,0.000000,0.000000,0.000000,0.000000,0.000000,0.000000
482148227.886734,0.007797,-0.007874,-1.069031,0.000000,0.000000,0.000000,0.000000,0.000000,0.000000,0.000000,0.000000,0.000000,0.000000,0.000000,0.000000,0.000000,0.000000,0.000000,0.000000,0.000000,0.000000,0.000000,0.000000,0.000000,0.000000,0.000000,0.000000,0.000000,0.000000
482148227.950013,0.011810,-0.010895,-1.066055,0.000000,0.000000,0.000000,0.000000,0.000000,0.000000,0.000000,0.000000,0.000000,0.000000,0.000000,0.000000,0.000000,0.000000,0.000000,0.000000,0.000000,0.000000,0.000000,0.000000,0.000000,0.000000,0.000000,0.000000,0.000000,0.000000
482148227.956369,0.012711,-0.006958,-1.065048,0.000000,0.000000,0.000000,0.000000,0.000000,0.000000,0.000000,0.000000,0.000000,0.000000,0.000000,0.000000,0.000000,0.000000,0.000000,0.000000,0.000000,0.000000,0.000000,0.000000,0.000000,0.000000,0.000000,0.000000,0.000000,0.000000
482148227.966168,0.012756,-0.008911,-1.063095,0.000000,0.000000,0.000000,0.000000,0.000000,0.000000,0.000000,0.000000,0.000000,0.000000,0.000000,0.000000,0.000000,0.000000,0.000000,0.000000,0.000000,0.000000,0.000000,0.000000,0.000000,0.000000,0.000000,0.000000,0.000000,0.000000
482148227.984856,0.011627,-0.004913,-1.062134,0.000000,0.000000,0.000000,0.000000,0.000000,0.000000,0.000000,0.000000,0.000000,0.000000,0.000000,0.000000,0.000000,0.000000,0.000000,0.000000,0.000000,0.000000,0.000000,0.000000,0.000000,0.000000,0.000000,0.000000,0.000000,0.000000
482148228.005486,0.009857,-0.012833,-1.063126,0.000000,0.000000,0.000000,0.000000,0.000000,0.000000,0.000000,0.000000,0.000000,0.000000,0.000000,0.000000,0.000000,0.000000,0.000000,0.000000,0.000000,0.000000,0.000000,0.000000,0.000000,0.000000,0.000000,0.000000,0.000000,0.000000
482148228.016235,0.008865,-0.010849,-1.067062,0.000000,0.000000,0.000000,0.000000,0.000000,0.000000,0.000000,0.000000,0.000000,0.000000,0.000000,0.000000,0.000000,0.000000,0.000000,0.000000,0.000000,0.000000,0.000000,0.000000,0.000000,0.000000,0.000000,0.000000,0.000000,0.000000
482148228.032741,0.007828,-0.009857,-1.068039,0.000000,0.000000,0.000000,0.000000,0.000000,0.000000,0.000000,0.000000,0.000000,0.000000,0.000000,0.000000,0.000000,0.000000,0.000000,0.000000,0.000000,0.000000,0.000000,0.000000,0.000000,0.000000,0.000000,0.000000,0.000000,0.000000
482148228.035523,0.007828,-0.009857,-1.068039,0.000000,0.000000,0.000000,0.000000,0.000000,0.000000,0.000000,0.000000,0.000000,0.000000,0.000000,0.000000,0.000000,0.000000,0.000000,0.000000,0.000000,0.000000,0.000000,0.000000,0.000000,0.000000,0.000000,0.000000,0.000000,0.000000
482148228.046236,0.006836,-0.008804,-1.065109,0.000000,0.000000,0.000000,0.000000,0.000000,0.000000,0.000000,0.000000,0.000000,0.000000,0.000000,0.000000,0.000000,0.000000,0.000000,0.000000,0.000000,0.000000,0.000000,0.000000,0.000000,0.000000,0.000000,0.000000,0.000000,0.000000
482148228.056193,0.009781,-0.009857,-1.064117,0.000000,0.000000,0.000000,0.000000,0.000000,0.000000,0.000000,0.000000,0.000000,0.000000,0.000000,0.000000,0.000000,0.000000,0.000000,0.000000,0.000000,0.000000,0.000000,0.000000,0.000000,0.000000,0.000000,0.000000,0.000000,0.000000
482148228.076201,0.006775,-0.006836,-1.065094,0.000000,0.000000,0.000000,0.000000,0.000000,0.000000,0.000000,0.000000,0.000000,0.000000,0.000000,0.000000,0.000000,0.000000,0.000000,0.000000,0.000000,0.000000,0.000000,0.000000,0.000000,0.000000,0.000000,0.000000,0.000000,0.000000
482148228.088407,0.009735,-0.007858,-1.063126,0.000000,0.000000,0.000000,0.000000,0.000000,0.000000,0.000000,0.000000,0.000000,0.000000,0.000000,0.000000,0.000000,0.000000,0.000000,0.000000,0.000000,0.000000,0.000000,0.000000,0.000000,0.000000,0.000000,0.000000,0.000000,0.000000
482148228.095974,0.010803,-0.008896,-1.068024,0.000000,0.000000,0.000000,0.000000,0.000000,0.000000,0.000000,0.000000,0.000000,0.000000,0.000000,0.000000,0.000000,0.000000,0.000000,0.000000,0.000000,0.000000,0.000000,0.000000,0.000000,0.000000,0.000000,0.000000,0.000000,0.000000
482148228.106270,0.009842,-0.012817,-1.061172,0.000000,0.000000,0.000000,0.000000,0.000000,0.000000,0.000000,0.000000,0.000000,0.000000,0.000000,0.000000,0.000000,0.000000,0.000000,0.000000,0.000000,0.000000,0.000000,0.000000,0.000000,0.000000,0.000000,0.000000,0.000000,0.000000
482148228.126199,0.012756,-0.007950,-1.068008,0.000000,0.000000,0.000000,0.000000,0.000000,0.000000,0.000000,0.000000,0.000000,0.000000,0.000000,0.000000,0.000000,0.000000,0.000000,0.000000,0.000000,0.000000,0.000000,0.000000,0.000000,0.000000,0.000000,0.000000,0.000000,0.000000
482148228.140631,0.007904,-0.013794,-1.064117,0.000000,0.000000,0.000000,0.000000,0.000000,0.000000,0.000000,0.000000,0.000000,0.000000,0.000000,0.000000,0.000000,0.000000,0.000000,0.000000,0.000000,0.000000,0.000000,0.000000,0.000000,0.000000,0.000000,0.000000,0.000000,0.000000
482148228.145744,0.009766,-0.007889,-1.068039,0.000000,0.000000,0.000000,0.000000,0.000000,0.000000,0.000000,0.000000,0.000000,0.000000,0.000000,0.000000,0.000000,0.000000,0.000000,0.000000,0.000000,0.000000,0.000000,0.000000,0.000000,0.000000,0.000000,0.000000,0.000000,0.000000
482148228.167276,0.008850,-0.010834,-1.065094,0.000000,0.000000,0.000000,0.000000,0.000000,0.000000,0.000000,0.000000,0.000000,0.000000,0.000000,0.000000,0.000000,0.000000,0.000000,0.000000,0.000000,0.000000,0.000000,0.000000,0.000000,0.000000,0.000000,0.000000,0.000000,0.000000
482148228.176113,0.008789,-0.009827,-1.062164,0.000000,0.000000,0.000000,0.000000,0.000000,0.000000,0.000000,0.000000,0.000000,0.000000,0.000000,0.000000,0.000000,0.000000,0.000000,0.000000,0.000000,0.000000,0.000000,0.000000,0.000000,0.000000,0.000000,0.000000,0.000000,0.000000
482148228.186192,0.009796,-0.010803,-1.060196,0.000000,0.000000,0.000000,0.000000,0.000000,0.000000,0.000000,0.000000,0.000000,0.000000,0.000000,0.000000,0.000000,0.000000,0.000000,0.000000,0.000000,0.000000,0.000000,0.000000,0.000000,0.000000,0.000000,0.000000,0.000000,0.000000
482148228.201585,0.010727,-0.005936,-1.067032,0.000000,0.000000,0.000000,0.000000,0.000000,0.000000,0.000000,0.000000,0.000000,0.000000,0.000000,0.000000,0.000000,0.000000,0.000000,0.000000,0.000000,0.000000,0.000000,0.000000,0.000000,0.000000,0.000000,0.000000,0.000000,0.000000
482148228.205944,0.009857,-0.012833,-1.064117,0.000000,0.000000,0.000000,0.000000,0.000000,0.000000,0.000000,0.000000,0.000000,0.000000,0.000000,0.000000,0.000000,0.000000,0.000000,0.000000,0.000000,0.000000,0.000000,0.000000,0.000000,0.000000,0.000000,0.000000,0.000000,0.000000
482148228.220105,0.008835,-0.010818,-1.064117,0.000000,0.000000,0.000000,0.000000,0.000000,0.000000,0.000000,0.000000,0.000000,0.000000,0.000000,0.000000,0.000000,0.000000,0.000000,0.000000,0.000000,0.000000,0.000000,0.000000,0.000000,0.000000,0.000000,0.000000,0.000000,0.000000
482148228.225824,0.008835,-0.010818,-1.064117,0.000000,0.000000,0.000000,0.000000,0.000000,0.000000,0.000000,0.000000,0.000000,0.000000,0.000000,0.000000,0.000000,0.000000,0.000000,0.000000,0.000000,0.000000,0.000000,0.000000,0.000000,0.000000,0.000000,0.000000,0.000000,0.000000
482148228.237162,0.012833,-0.011917,-1.066040,0.000000,0.000000,0.000000,0.000000,0.000000,0.000000,0.000000,0.000000,0.000000,0.000000,0.000000,0.000000,0.000000,0.000000,0.000000,0.000000,0.000000,0.000000,0.000000,0.000000,0.000000,0.000000,0.000000,0.000000,0.000000,0.000000
482148228.249976,0.011749,-0.007935,-1.067047,0.000000,0.000000,0.000000,0.000000,0.000000,0.000000,0.000000,0.000000,0.000000,0.000000,0.000000,0.000000,0.000000,0.000000,0.000000,0.000000,0.000000,0.000000,0.000000,0.000000,0.000000,0.000000,0.000000,0.000000,0.000000,0.000000
482148228.255769,0.009689,-0.005890,-1.064102,0.000000,0.000000,0.000000,0.000000,0.000000,0.000000,0.000000,0.000000,0.000000,0.000000,0.000000,0.000000,0.000000,0.000000,0.000000,0.000000,0.000000,0.000000,0.000000,0.000000,0.000000,0.000000,0.000000,0.000000,0.000000,0.000000
482148228.275076,0.007767,-0.008804,-1.062164,0.000000,0.000000,0.000000,0.000000,0.000000,0.000000,0.000000,0.000000,0.000000,0.000000,0.000000,0.000000,0.000000,0.000000,0.000000,0.000000,0.000000,0.000000,0.000000,0.000000,0.000000,0.000000,0.000000,0.000000,0.000000,0.000000
482148228.286214,0.010773,-0.008865,-1.064102,0.000000,0.000000,0.000000,0.000000,0.000000,0.000000,0.000000,0.000000,0.000000,0.000000,0.000000,0.000000,0.000000,0.000000,0.000000,0.000000,0.000000,0.000000,0.000000,0.000000,0.000000,0.000000,0.000000,0.000000,0.000000,0.000000
482148228.300973,0.008774,-0.008804,-1.060196,0.000000,0.000000,0.000000,0.000000,0.000000,0.000000,0.000000,0.000000,0.000000,0.000000,0.000000,0.000000,0.000000,0.000000,0.000000,0.000000,0.000000,0.000000,0.000000,0.000000,0.000000,0.000000,0.000000,0.000000,0.000000,0.000000
482148228.306719,0.010773,-0.008865,-1.063110,0.000000,0.000000,0.000000,0.000000,0.000000,0.000000,0.000000,0.000000,0.000000,0.000000,0.000000,0.000000,0.000000,0.000000,0.000000,0.000000,0.000000,0.000000,0.000000,0.000000,0.000000,0.000000,0.000000,0.000000,0.000000,0.000000
482148228.332235,0.008896,-0.013779,-1.060196,0.009384,0.009854,-0.000016,0.999956,0.000076,-0.009383,0.000016,0.999951,0.009854,0.009383,-0.009853,0.999907,0.009383,-0.009854,-0.999907,0.001390,0.000988,-0.063203,0.008440,-0.002667,0.002303,0.000000,0.000000,0.000000,0.000000,0.000000
482148228.335465,0.008896,-0.013779,-1.060196,0.009384,0.009854,-0.000016,0.999956,0.000076,-0.009383,0.000016,0.999951,0.009854,0.009383,-0.009853,0.999907,0.009383,-0.009854,-0.999907,0.001390,0.000988,-0.063203,0.008440,-0.002667,0.002303,0.000000,0.000000,0.000000,0.000000,0.000000
482148228.351527,0.009918,-0.013855,-1.067062,0.008996,0.009902,-0.000026,0.999960,0.000063,-0.008995,0.000026,0.999951,0.009902,0.008995,-0.009902,0.999911,0.008995,-0.009902,-0.999911,-0.003105,-0.000871,-0.066175,-0.001414,-0.001614,-0.001433,0.000000,0.000000,0.000000,0.000000,0.000000
482148228.355807,0.009918,-0.013855,-1.067062,0.008996,0.009902,-0.000026,0.999960,0.000063,-0.008995,0.000026,0.999951,0.009902,0.008995,-0.009902,0.999911,0.008995,-0.009902,-0.999911,-0.003105,-0.000871,-0.066175,-0.001414,-0.001614,-0.001433,0.000000,0.000000,0.000000,0.000000,0.000000
482148228.366447,0.007797,-0.007874,-1.069031,0.008946,0.010278,0.000006,0.999960,0.000098,-0.008946,-0.000006,0.999947,0.010278,0.008946,-0.010277,0.999907,0.008946,-0.010278,-0.999907,-0.000050,-0.003501,-0.060289,0.007209,0.000788,0.002303,0.000000,0.000000,0.000000,0.000000,0.000000
482148228.379108,0.012817,-0.011902,-1.064087,0.009160,0.009974,0.000116,0.999958,0.000207,-0.009160,-0.000116,0.999950,0.009974,0.009161,-0.009972,0.999908,0.009160,-0.009974,-0.999908,0.002528,0.004023,-0.065155,0.007172,0.004347,0.013388,0.000000,0.000000,0.000000,0.000000,0.000000
482148228.387880,0.007782,-0.008820,-1.064117,0.009077,0.010075,0.000143,0.999959,0.000234,-0.009076,-0.000143,0.999949,0.010075,0.009078,-0.010073,0.999908,0.009076,-0.010075,-0.999908,-0.001279,0.002201,-0.069123,0.005981,0.003068,-0.000161,0.000000,0.000000,0.000000,0.000000,0.000000
482148228.398284,0.009781,-0.009857,-1.063126,0.009077,0.010075,0.000143,0.999959,0.000234,-0.009076,-0.000143,0.999949,0.010075,0.009078,-0.010073,0.999908,0.009076,-0.010075,-0.999908,-0.001279,0.002201,-0.069123,0.005981,0.003068,-0.000161,0.000000,0.000000,0.000000,0.000000,0.000000
482148228.405969,0.010803,-0.008896,-1.067047,0.009289,0.010170,0.000145,0.999957,0.000239,-0.009288,-0.000145,0.999948,0.010170,0.009290,-0.010168,0.999905,0.009288,-0.010170,-0.999905,0.003529,-0.001732,-0.064182,0.004741,0.000773,0.002292,0.000000,0.000000,0.000000,0.000000,0.000000
482148228.417398,0.007706,-0.006836,-1.062149,0.009129,0.010031,0.000274,0.999958,0.000365,-0.009128,-0.000274,0.999950,0.010031,0.009131,-0.010028,0.999908,0.009128,-0.010031,-0.999908,0.000653,0.000174,-0.063218,-0.001442,-0.007325,0.005944,0.000000,0.000000,0.000000,0.000000,0.000000
482148228.432814,0.009781,-0.008865,-1.066071,0.009158,0.009954,0.000385,0.999958,0.000476,-0.009157,-0.000385,0.999950,0.009954,0.009162,-0.009950,0.999909,0.009157,-0.009954,-0.999909,0.001646,0.001058,-0.067139,0.002241,-0.001482,0.010894,0.000000,0.000000,0.000000,0.000000,0.000000
482148228.436080,0.008865,-0.010849,-1.068039,0.009158,0.009954,0.000385,0.999958,0.000476,-0.009157,-0.000385,0.999950,0.009954,0.009162,-0.009950,0.999909,0.009157,-0.009954,-0.999909,0.001646,0.001058,-0.067139,0.002241,-0.001482,0.010894,0.000000,0.000000,0.000000,0.000000,0.000000
482148228.450003,0.009811,-0.010834,-1.064117,0.009044,0.009828,0.000400,0.999959,0.000489,-0.009044,-0.000400,0.999952,0.009828,0.009048,-0.009824,0.999911,0.009044,-0.009828,-0.999911,-0.001338,0.002992,-0.062238,0.003499,0.000761,0.002286,0.000000,0.000000,0.000000,0.000000,0.000000
482148228.455771,0.009811,-0.010834,-1.064117,0.009044,0.009828,0.000400,0.999959,0.000489,-0.009044,-0.000400,0.999952,0.009828,0.009048,-0.009824,0.999911,0.009044,-0.009828,-0.999911,-0.001338,0.002992,-0.062238,0.003499,0.000761,0.002286,0.000000,0.000000,0.000000,0.000000,0.000000
482148228.482375,0.010818,-0.010849,-1.064102,0.009024,0.009849,0.000472,0.999959,0.000561,-0.009023,-0.000472,0.999951,0.009849,0.009029,-0.009844,0.999911,0.009023,-0.009849,-0.999911,0.000788,-0.000985,-0.064207,0.004704,0.000843,0.010909,0.000000,0.000000,0.000000,0.000000,0.000000
482148228.485583,0.010818,-0.010849,-1.064102,0.009024,0.009849,0.000472,0.999959,0.000561,-0.009023,-0.000472,0.999951,0.009849,0.009029,-0.009844,0.999911,0.009023,-0.009849,-0.999911,0.000788,-0.000985,-0.064207,0.004704,0.000843,0.010909,0.000000,0.000000,0.000000,0.000000,0.000000
482148228.496903,0.009705,-0.005905,-1.065079,0.008921,0.009812,0.000549,0.999960,0.000636,-0.008920,-0.000549,0.999952,0.009811,0.008926,-0.009806,0.999912,0.008920,-0.009811,-0.999912,-0.001153,0.001007,-0.062252,-0.001450,-0.003865,0.005949,0.000000,0.000000,0.000000,0.000000,0.000000
482148228.509174,0.013687,-0.006973,-1.066025,0.008926,0.009825,0.000635,0.999960,0.000722,-0.008925,-0.000635,0.999952,0.009824,0.008932,-0.009818,0.999912,0.008925,-0.009824,-0.999912,0.001893,-0.001025,-0.064190,0.001022,0.004226,0.004742,0.000000,0.000000,0.000000,0.000000,0.000000
482148228.516368,0.008865,-0.011841,-1.066071,0.008926,0.009825,0.000635,0.999960,0.000722,-0.008925,-0.000635,0.999952,0.009824,0.008932,-0.009818,0.999912,0.008925,-0.009824,-0.999912,0.001893,-0.001025,-0.064190,0.001022,0.004226,0.004742,0.000000,0.000000,0.000000,0.000000,0.000000
482148228.528155,0.006775,-0.006836,-1.065094,0.008905,0.009817,0.000681,0.999960,0.000768,-0.008904,-0.000681,0.999952,0.009817,0.008911,-0.009810,0.999912,0.008904,-0.009817,-0.999912,0.001914,-0.001032,-0.064190,-0.002680,-0.003884,0.004712,0.000000,0.000000,0.000000,0.000000,0.000000
482148228.536701,0.010864,-0.012848,-1.064102,0.009102,0.009512,0.000879,0.999958,0.000966,-0.009102,-0.000879,0.999954,0.009511,0.009111,-0.009503,0.999913,0.009102,-0.009511,-0.999913,0.004585,0.002538,-0.066111,-0.002704,-0.002691,0.008407,0.000000,0.000000,0.000000,0.000000,0.000000
482148228.546557,0.010864,-0.012848,-1.064102,0.009102,0.009512,0.000879,0.999958,0.000966,-0.009102,-0.000879,0.999954,0.009511,0.009111,-0.009503,0.999913,0.009102,-0.009511,-0.999913,0.004585,0.002538,-0.066111,-0.002704,-0.002691,0.008407,0.000000,0.000000,0.000000,0.000000,0.000000
482148228.555999,0.007736,-0.005890,-1.067047,0.009090,0.009571,0.000931,0.999958,0.001018,-0.009090,-0.000931,0.999954,0.009571,0.009099,-0.009562,0.999913,0.009090,-0.009571,-0.999913,-0.000225,-0.002270,-0.066158,-0.001443,0.001872,0.001034,0.000000,0.000000,0.000000,0.000000,0.000000
482148228.566435,0.011719,-0.006958,-1.068008,0.009097,0.009621,0.001024,0.999958,0.001111,-0.009096,-0.001024,0.999953,0.009621,0.009106,-0.009611,0.999912,0.009096,-0.009621,-0.999912,0.001768,-0.003227,-0.064190,0.009630,0.010105,0.009714,0.000000,0.000000,0.000000,0.000000,0.000000
482148228.578687,0.009796,-0.008881,-1.067062,0.009097,0.009621,0.001024,0.999958,0.001111,-0.009096,-0.001024,0.999953,0.009621,0.009106,-0.009611,0.999912,0.009096,-0.009621,-0.999912,0.001768,-0.003227,-0.064190,0.009630,0.010105,0.009714,0.000000,0.000000,0.000000,0.000000,0.000000
482148228.586107,0.011810,-0.011887,-1.063110,0.009061,0.009563,0.001112,0.999958,0.001199,-0.009060,-0.001112,0.999954,0.009563,0.009071,-0.009552,0.999913,0.009060,-0.009563,-0.999913,-0.001324,0.003673,-0.067134,0.005924,0.003136,0.008456,0.000000,0.000000,0.000000,0.000000,0.000000
482148228.596411,0.008759,-0.006897,-1.067047,0.009091,0.009496,0.001257,0.999958,0.001343,-0.009090,-0.001257,0.999954,0.009495,0.009102,-0.009484,0.999914,0.009090,-0.009495,-0.999914,0.002629,0.002537,-0.068095,0.000984,-0.000359,0.008427,0.000000,0.000000,0.000000,0.000000,0.000000
482148228.607274,0.011780,-0.009918,-1.065079,0.009028,0.009496,0.001303,0.999958,0.001388,-0.009027,-0.001303,0.999954,0.009496,0.009040,-0.009484,0.999914,0.009027,-0.009496,-0.999914,0.000769,0.000615,-0.067148,0.002233,-0.007331,0.002267,0.000000,0.000000,0.000000,0.000000,0.000000
482148228.616375,0.008728,-0.006866,-1.064102,0.009028,0.009496,0.001303,0.999958,0.001388,-0.009027,-0.001303,0.999954,0.009496,0.009040,-0.009484,0.999914,0.009027,-0.009496,-0.999914,0.000769,0.000615,-0.067148,0.002233,-0.007331,0.002267,0.000000,0.000000,0.000000,0.000000,0.000000
482148228.626406,0.008728,-0.006866,-1.064102,0.009033,0.009660,0.001453,0.999958,0.001540,-0.009032,-0.001453,0.999952,0.009660,0.009047,-0.009647,0.999913,0.009032,-0.009660,-0.999913,-0.000274,0.002763,-0.067135,0.008384,-0.004944,0.005992,0.000000,0.000000,0.000000,0.000000,0.000000
482148228.637136,0.007828,-0.009857,-1.068039,0.009100,0.009688,0.001456,0.999957,0.001545,-0.009099,-0.001456,0.999952,0.009688,0.009114,-0.009674,0.999912,0.009099,-0.009688,-0.999912,0.002681,-0.000230,-0.065167,0.002239,0.003048,-0.000179,0.000000,0.000000,0.000000,0.000000,0.000000
482148228.646671,0.007828,-0.009857,-1.068039,0.009100,0.009688,0.001456,0.999957,0.001545,-0.009099,-0.001456,0.999952,0.009688,0.009114,-0.009674,0.999912,0.009099,-0.009688,-0.999912,0.002681,-0.000230,-0.065167,0.002239,0.003048,-0.000179,0.000000,0.000000,0.000000,0.000000,0.000000
482148228.655635,0.011810,-0.010895,-1.065079,0.009149,0.009727,0.001511,0.999957,0.001600,-0.009148,-0.001511,0.999952,0.009726,0.009163,-0.009712,0.999911,0.009148,-0.009726,-0.999911,0.004585,0.000800,-0.064176,0.010832,-0.001429,0.008470,0.000000,0.000000,0.000000,0.000000,0.000000
482148228.666329,0.007812,-0.009842,-1.065094,0.009057,0.009774,0.001569,0.999958,0.001657,-0.009057,-0.001569,0.999951,0.009774,0.009072,-0.009760,0.999911,0.009057,-0.009774,-0.999911,-0.001229,-0.000083,-0.068128,0.004675,-0.004973,0.004743,0.000000,0.000000,0.000000,0.000000,0.000000
482148228.676627,0.009750,-0.007874,-1.065094,0.009057,0.009774,0.001569,0.999958,0.001657,-0.009057,-0.001569,0.999951,0.009774,0.009072,-0.009760,0.999911,0.009057,-0.009774,-0.999911,-0.001229,-0.000083,-0.068128,0.004675,-0.004973,0.004743,0.000000,0.000000,0.000000,0.000000,0.000000
482148228.686318,0.010696,-0.006882,-1.062134,0.009082,0.009854,0.001546,0.999957,0.001636,-0.009082,-0.001546,0.999950,0.009854,0.009097,-0.009840,0.999910,0.009082,-0.009854,-0.999910,0.002729,-0.001041,-0.065169,0.004701,-0.001566,-0.002638,0.000000,0.000000,0.000000,0.000000,0.000000
482148228.696418,0.010773,-0.008865,-1.064102,0.009033,0.009852,0.001581,0.999958,0.001670,-0.009032,-0.001581,0.999950,0.009852,0.009048,-0.009837,0.999911,0.009032,-0.009852,-0.999911,-0.001220,0.000010,-0.065183,-0.000269,0.003107,0.008427,0.000000,0.000000,0.000000,0.000000,0.000000
482148228.706595,0.008820,-0.008865,-1.068039,0.009033,0.009852,0.001581,0.999958,0.001670,-0.009032,-0.001581,0.999950,0.009852,0.009048,-0.009837,0.999911,0.009032,-0.009852,-0.999911,-0.001220,0.000010,-0.065183,-0.000269,0.003107,0.008427,0.000000,0.000000,0.000000,0.000000,0.000000
482148228.716042,0.011749,-0.008896,-1.064102,0.009063,0.009735,0.001684,0.999957,0.001772,-0.009063,-0.001684,0.999951,0.009735,0.009080,-0.009719,0.999912,0.009063,-0.009735,-0.999912,0.001634,0.002853,-0.062222,-0.002713,-0.000476,-0.003901,0.000000,0.000000,0.000000,0.000000,0.000000
482148228.726349,0.010834,-0.010864,-1.065079,0.009084,0.009699,0.001700,0.999957,0.001788,-0.009083,-0.001700,0.999952,0.009699,0.009100,-0.009683,0.999912,0.009083,-0.009699,-0.999912,0.001690,0.000834,-0.064190,0.002205,0.000749,-0.000184,0.000000,0.000000,0.000000,0.000000,0.000000
482148228.738480,0.010834,-0.010864,-1.065079,0.009084,0.009699,0.001700,0.999957,0.001788,-0.009083,-0.001700,0.999952,0.009699,0.009100,-0.009683,0.999912,0.009083,-0.009699,-0.999912,0.001690,0.000834,-0.064190,0.002205,0.000749,-0.000184,0.000000,0.000000,0.000000,0.000000,0.000000
482148228.746006,0.008865,-0.010849,-1.068039,0.009037,0.009817,0.001761,0.999957,0.001850,-0.009037,-0.001761,0.999950,0.009817,0.009054,-0.009800,0.999911,0.009037,-0.009817,-0.999911,-0.000217,0.000951,-0.068128,0.007118,-0.000332,0.004761,0.000000,0.000000,0.000000,0.000000,0.000000
482148228.756313,0.012726,-0.007919,-1.064087,0.009111,0.009822,0.001789,0.999957,0.001878,-0.009110,-0.001789,0.999950,0.009822,0.009128,-0.009805,0.999910,0.009110,-0.009822,-0.999910,0.002639,0.000926,-0.064192,0.003423,0.004246,0.002290,0.000000,0.000000,0.000000,0.000000,0.000000
482148228.767272,0.009796,-0.010803,-1.060196,0.009111,0.009822,0.001789,0.999957,0.001878,-0.009110,-0.001789,0.999950,0.009822,0.009128,-0.009805,0.999910,0.009110,-0.009822,-0.999910,0.002639,0.000926,-0.064192,0.003423,0.004246,0.002290,0.000000,0.000000,0.000000,0.000000,0.000000
482148228.776411,0.013779,-0.009964,-1.067032,0.009182,0.009884,0.001875,0.999956,0.001965,-0.009181,-0.001875,0.999949,0.009883,0.009200,-0.009866,0.999909,0.009181,-0.009883,-0.999909,-0.000316,-0.000966,-0.068130,0.003405,0.005453,0.008446,0.000000,0.000000,0.000000,0.000000,0.000000
482148228.787162,0.011871,-0.013870,-1.063110,0.009257,0.009847,0.001956,0.999955,0.002047,-0.009256,-0.001956,0.999950,0.009847,0.009276,-0.009828,0.999909,0.009256,-0.009847,-0.999909,0.003470,0.001928,-0.064178,0.000927,0.004300,0.009664,0.000000,0.000000,0.000000,0.000000,0.000000
482148228.796827,0.007858,-0.010834,-1.067062,0.009257,0.009847,0.001956,0.999955,0.002047,-0.009256,-0.001956,0.999950,0.009847,0.009276,-0.009828,0.999909,0.009256,-0.009847,-0.999909,0.003470,0.001928,-0.064178,0.000927,0.004300,0.009664,0.000000,0.000000,0.000000,0.000000,0.000000
482148228.806347,0.009872,-0.013809,-1.062164,0.009414,0.009873,0.001963,0.999954,0.002056,-0.009414,-0.001963,0.999949,0.009873,0.009434,-0.009854,0.999907,0.009414,-0.009873,-0.999907,0.004365,-0.000091,-0.067125,0.007126,-0.004977,-0.001401,0.000000,0.000000,0.000000,0.000000,0.000000
482148228.816373,0.010757,-0.007889,-1.066055,0.009439,0.009988,0.002014,0.999953,0.002108,-0.009439,-0.002014,0.999948,0.009987,0.009459,-0.009968,0.999906,0.009439,-0.009987,-0.999906,0.002433,-0.003883,-0.063205,0.000955,0.000802,0.003504,0.000000,0.000000,0.000000,0.000000,0.000000
482148228.826735,0.010803,-0.010818,-1.060181,0.009401,0.010052,0.002005,0.999954,0.002099,-0.009401,-0.002005,0.999947,0.010052,0.009421,-0.010033,0.999905,0.009401,-0.010052,-0.999905,-0.001542,-0.000782,-0.067157,-0.002748,0.000779,0.004718,0.000000,0.000000,0.000000,0.000000,0.000000
482148228.836424,0.007751,-0.007828,-1.064117,0.009401,0.010052,0.002005,0.999954,0.002099,-0.009401,-0.002005,0.999947,0.010052,0.009421,-0.010033,0.999905,0.009401,-0.010052,-0.999905,-0.001542,-0.000782,-0.067157,-0.002748,0.000779,0.004718,0.000000,0.000000,0.000000,0.000000,0.000000
482148228.846464,0.007751,-0.007828,-1.064117,0.009412,0.010143,0.002069,0.999953,0.002164,-0.009411,-0.002069,0.999946,0.010143,0.009432,-0.010123,0.999904,0.009411,-0.010143,-0.999904,0.000461,-0.003666,-0.062260,0.003421,0.000843,0.007208,0.000000,0.000000,0.000000,0.000000,0.000000
482148228.856223,0.007904,-0.011856,-1.070984,0.009463,0.010103,0.002148,0.999953,0.002244,-0.009463,-0.002148,0.999947,0.010103,0.009485,-0.010082,0.999904,0.009463,-0.010103,-0.999904,0.001341,-0.000716,-0.060276,0.002187,0.005437,0.004747,0.000000,0.000000,0.000000,0.000000,0.000000
482148228.866891,0.009796,-0.009872,-1.065094,0.009463,0.010103,0.002148,0.999953,0.002244,-0.009463,-0.002148,0.999947,0.010103,0.009485,-0.010082,0.999904,0.009463,-0.010103,-0.999904,0.001341,-0.000716,-0.060276,0.002187,0.005437,0.004747,0.000000,0.000000,0.000000,0.000000,0.000000
482148228.876059,0.010895,-0.012878,-1.068024,0.009412,0.010057,0.002225,0.999953,0.002319,-0.009411,-0.002224,0.999947,0.010057,0.009434,-0.010036,0.999905,0.009411,-0.010057,-0.999905,-0.001659,0.002229,-0.064212,0.002156,0.000863,0.010895,0.000000,0.000000,0.000000,0.000000,0.000000
482148228.886429,0.005844,-0.009781,-1.064133,0.009340,0.010076,0.002395,0.999953,0.002489,-0.009339,-0.002395,0.999946,0.010076,0.009364,-0.010053,0.999906,0.009339,-0.010076,-0.999906,0.000457,0.000203,-0.065188,0.003396,0.005472,0.009677,0.000000,0.000000,0.000000,0.000000,0.000000
482148228.896595,0.010864,-0.010895,-1.069977,0.009340,0.010076,0.002395,0.999953,0.002489,-0.009339,-0.002395,0.999946,0.010076,0.009364,-0.010053,0.999906,0.009339,-0.010076,-0.999906,0.000457,0.000203,-0.065188,0.003396,0.005472,0.009677,0.000000,0.000000,0.000000,0.000000,0.000000
482148228.906427,0.010818,-0.010849,-1.063110,0.009356,0.010181,0.002464,0.999953,0.002559,-0.009356,-0.002464,0.999945,0.010181,0.009381,-0.010157,0.999904,0.009356,-0.010181,-0.999904,0.001539,-0.002698,-0.068119,0.005875,-0.002612,0.007213,0.000000,0.000000,0.000000,0.000000,0.000000
482148228.925570,0.010773,-0.008865,-1.064102,0.009216,0.010234,0.002545,0.999954,0.002639,-0.009216,-0.002545,0.999944,0.010234,0.009242,-0.010210,0.999905,0.009216,-0.010234,-0.999905,-0.003372,0.000453,-0.064228,0.003424,-0.005005,0.001043,0.000000,0.000000,0.000000,0.000000,0.000000
482148228.936312,0.008865,-0.010849,-1.067062,0.009201,0.010255,0.002590,0.999954,0.002685,-0.009201,-0.002590,0.999944,0.010254,0.009228,-0.010230,0.999905,0.009201,-0.010254,-0.999905,0.001664,-0.000640,-0.070072,0.000938,-0.004967,0.007187,0.000000,0.000000,0.000000,0.000000,0.000000
482148228.946835,0.010742,-0.007874,-1.064102,0.009223,0.010391,0.002657,0.999954,0.002753,-0.009223,-0.002657,0.999942,0.010390,0.009251,-0.010365,0.999904,0.009223,-0.010390,-0.999904,0.002664,-0.003495,-0.066152,0.003435,-0.003835,0.001045,0.000000,0.000000,0.000000,0.000000,0.000000
482148228.959585,0.007736,-0.007812,-1.062164,0.009246,0.010351,0.002679,0.999953,0.002775,-0.009245,-0.002679,0.999943,0.010351,0.009274,-0.010326,0.999904,0.009245,-0.010351,-0.999904,0.001527,0.001486,-0.064198,0.000965,-0.000396,-0.000192,0.000000,0.000000,0.000000,0.000000,0.000000
482148228.965999,0.007736,-0.007812,-1.062164,0.009246,0.010351,0.002679,0.999953,0.002775,-0.009245,-0.002679,0.999943,0.010351,0.009274,-0.010326,0.999904,0.009245,-0.010351,-0.999904,0.001527,0.001486,-0.064198,0.000965,-0.000396,-0.000192,0.000000,0.000000,0.000000,0.000000,0.000000
482148228.976395,0.015640,-0.004059,-1.067001,0.009253,0.010439,0.002728,0.999953,0.002825,-0.009252,-0.002728,0.999942,0.010439,0.009281,-0.010413,0.999903,0.009252,-0.010439,-0.999903,0.001490,0.002565,-0.064199,0.010805,-0.003759,0.003540,0.000000,0.000000,0.000000,0.000000,0.000000
482148228.987056,0.008911,-0.013809,-1.063126,0.009205,0.010532,0.002792,0.999953,0.002889,-0.009204,-0.002792,0.999941,0.010532,0.009234,-0.010506,0.999902,0.009204,-0.010532,-0.999902,0.001538,0.002659,-0.064200,0.005850,-0.008361,0.009666,0.000000,0.000000,0.000000,0.000000,0.000000
482148228.996822,0.010788,-0.009872,-1.064102,0.009205,0.010532,0.002792,0.999953,0.002889,-0.009204,-0.002792,0.999941,0.010532,0.009234,-0.010506,0.999902,0.009204,-0.010532,-0.999902,0.001538,0.002659,-0.064200,0.005850,-0.008361,0.009666,0.000000,0.000000,0.000000,0.000000,0.000000
482148229.006279,0.010849,-0.011871,-1.066055,0.009291,0.010287,0.002955,0.999952,0.003050,-0.009290,-0.002955,0.999943,0.010287,0.009321,-0.010259,0.999904,0.009290,-0.010287,-0.999904,0.006350,0.006228,-0.067097,0.000887,0.000836,0.007195,0.000000,0.000000,0.000000,0.000000,0.000000
482148229.016571,0.008896,-0.013794,-1.062164,0.009299,0.010352,0.003043,0.999952,0.003139,-0.009299,-0.003043,0.999942,0.010352,0.009331,-0.010324,0.999903,0.009299,-0.010352,-0.999903,-0.000388,-0.003457,-0.063222,-0.001568,0.003124,0.007188,0.000000,0.000000,0.000000,0.000000,0.000000
482148229.026444,0.008911,-0.013809,-1.064117,0.009299,0.010352,0.003043,0.999952,0.003139,-0.009299,-0.003043,0.999942,0.010352,0.009331,-0.010324,0.999903,0.009299,-0.010352,-0.999903,-0.000388,-0.003457,-0.063222,-0.001568,0.003124,0.007188,0.000000,0.000000,0.000000,0.000000,0.000000
482148229.036554,0.011688,-0.005951,-1.066040,0.009380,0.010312,0.003237,0.999950,0.003333,-0.009379,-0.003236,0.999942,0.010312,0.009413,-0.010281,0.999903,0.009379,-0.010312,-0.999903,0.001470,-0.001560,-0.066152,-0.005286,-0.002627,0.012086,0.000000,0.000000,0.000000,0.000000,0.000000
482148229.047479,0.006927,-0.012787,-1.065109,0.009375,0.010383,0.003343,0.999950,0.003440,-0.009374,-0.003343,0.999941,0.010383,0.009409,-0.010351,0.999902,0.009374,-0.010383,-0.999902,-0.000478,-0.003411,-0.062262,0.004597,0.002047,0.010908,0.000000,0.000000,0.000000,0.000000,0.000000
482148229.056583,0.006927,-0.012787,-1.065109,0.009375,0.010383,0.003343,0.999950,0.003440,-0.009374,-0.003343,0.999941,0.010383,0.009409,-0.010351,0.999902,0.009374,-0.010383,-0.999902,-0.000478,-0.003411,-0.062262,0.004597,0.002047,0.010908,0.000000,0.000000,0.000000,0.000000,0.000000
482148229.066044,0.011719,-0.006958,-1.068008,0.009266,0.010490,0.003363,0.999951,0.003460,-0.009266,-0.003363,0.999939,0.010490,0.009302,-0.010458,0.999902,0.009266,-0.010490,-0.999902,-0.000355,-0.003320,-0.064215,0.008338,-0.004943,0.001065,0.000000,0.000000,0.000000,0.000000,0.000000
482148229.076411,0.005981,-0.014755,-1.066086,0.009313,0.010398,0.003354,0.999951,0.003451,-0.009312,-0.003354,0.999940,0.010398,0.009348,-0.010366,0.999903,0.009312,-0.010398,-0.999903,0.002376,0.004447,-0.066137,0.004635,0.001925,-0.003865,0.000000,0.000000,0.000000,0.000000,0.000000
482148229.086361,0.012848,-0.011932,-1.067032,0.009313,0.010398,0.003354,0.999951,0.003451,-0.009312,-0.003354,0.999940,0.010398,0.009348,-0.010366,0.999903,0.009312,-0.010398,-0.999903,0.002376,0.004447,-0.066137,0.004635,0.001925,-0.003865,0.000000,0.000000,0.000000,0.000000,0.000000
482148229.096183,0.007828,-0.009857,-1.067062,0.009253,0.010382,0.003392,0.999951,0.003488,-0.009252,-0.003392,0.999940,0.010382,0.009288,-0.010350,0.999903,0.009252,-0.010382,-0.999903,0.002467,0.003424,-0.068105,-0.002813,-0.001503,0.007175,0.000000,0.000000,0.000000,0.000000,0.000000
482148229.106424,0.014862,-0.012955,-1.067017,0.009156,0.010426,0.003421,0.999952,0.003517,-0.009155,-0.003421,0.999940,0.010426,0.009191,-0.010394,0.999904,0.009155,-0.010426,-0.999904,-0.003174,-0.004329,-0.066182,-0.004015,-0.002724,0.002243,0.000000,0.000000,0.000000,0.000000,0.000000
482148229.117610,0.007797,-0.008835,-1.066071,0.009156,0.010426,0.003421,0.999952,0.003517,-0.009155,-0.003421,0.999940,0.010426,0.009191,-0.010394,0.999904,0.009155,-0.010426,-0.999904,-0.003174,-0.004329,-0.066182,-0.004015,-0.002724,0.002243,0.000000,0.000000,0.000000,0.000000,0.000000
482148229.126579,0.007919,-0.013809,-1.065094,0.009155,0.010453,0.003495,0.999952,0.003591,-0.009154,-0.003495,0.999939,0.010453,0.009191,-0.010420,0.999903,0.009154,-0.010453,-0.999903,-0.001326,0.000595,-0.067159,0.004597,-0.000296,0.008442,0.000000,0.000000,0.000000,0.000000,0.000000
482148229.136591,0.007919,-0.013809,-1.065094,0.009247,0.010559,0.003528,0.999951,0.003625,-0.009246,-0.003527,0.999938,0.010559,0.009284,-0.010526,0.999901,0.009246,-0.010559,-0.999901,0.005616,-0.002396,-0.067115,0.009550,-0.000271,0.004770,0.000000,0.000000,0.000000,0.000000,0.000000
482148229.147910,0.007797,-0.008835,-1.066071,0.009247,0.010559,0.003528,0.999951,0.003625,-0.009246,-0.003527,0.999938,0.010559,0.009284,-0.010526,0.999901,0.009246,-0.010559,-0.999901,0.005616,-0.002396,-0.067115,0.009550,-0.000271,0.004770,0.000000,0.000000,0.000000,0.000000,0.000000
482148229.155600,0.007797,-0.008835,-1.065094,0.009191,0.010508,0.003602,0.999951,0.003698,-0.009190,-0.003602,0.999938,0.010508,0.009228,-0.010475,0.999903,0.009190,-0.010508,-0.999903,-0.001393,0.001673,-0.066168,-0.001560,0.000796,0.004722,0.000000,0.000000,0.000000,0.000000,0.000000
482148229.166655,0.009796,-0.008881,-1.067062,0.009136,0.010543,0.003666,0.999951,0.003763,-0.009135,-0.003666,0.999938,0.010543,0.009175,-0.010509,0.999903,0.009135,-0.010543,-0.999903,-0.001216,-0.003267,-0.065191,0.000916,-0.006123,0.004722,0.000000,0.000000,0.000000,0.000000,0.000000
482148229.177068,0.011795,-0.009933,-1.067047,0.009136,0.010543,0.003666,0.999951,0.003763,-0.009135,-0.003666,0.999938,0.010543,0.009175,-0.010509,0.999903,0.009135,-0.010543,-0.999903,-0.001216,-0.003267,-0.065191,0.000916,-0.006123,0.004722,0.000000,0.000000,0.000000,0.000000,0.000000
482148229.186496,0.009628,-0.002930,-1.066055,0.008993,0.010484,0.003735,0.999952,0.003829,-0.008992,-0.003735,0.999938,0.010484,0.009032,-0.010450,0.999905,0.008992,-0.010484,-0.999905,-0.001195,0.001649,-0.065189,-0.001559,-0.001569,0.001025,0.000000,0.000000,0.000000,0.000000,0.000000
482148229.196285,0.012802,-0.011887,-1.062134,0.008994,0.010475,0.003739,0.999952,0.003833,-0.008993,-0.003739,0.999938,0.010475,0.009033,-0.010440,0.999905,0.008993,-0.010475,-0.999905,0.000803,0.001594,-0.067158,0.007065,0.003112,0.001072,0.000000,0.000000,0.000000,0.000000,0.000000
482148229.206687,0.010773,-0.008865,-1.064102,0.009070,0.010324,0.003698,0.999952,0.003792,-0.009069,-0.003698,0.999940,0.010324,0.009108,-0.010290,0.999906,0.009069,-0.010324,-0.999906,0.000559,0.007394,-0.066150,-0.000387,-0.001529,0.003492,0.000000,0.000000,0.000000,0.000000,0.000000
482148229.216189,0.009811,-0.010834,-1.064117,0.009070,0.010324,0.003698,0.999952,0.003792,-0.009069,-0.003698,0.999940,0.010324,0.009108,-0.010290,0.999906,0.009069,-0.010324,-0.999906,0.000559,0.007394,-0.066150,-0.000387,-0.001529,0.003492,0.000000,0.000000,0.000000,0.000000,0.000000
482148229.226383,0.010773,-0.008865,-1.064102,0.009054,0.010291,0.003757,0.999952,0.003850,-0.009054,-0.003756,0.999940,0.010291,0.009093,-0.010256,0.999906,0.009054,-0.010291,-0.999906,0.000575,0.007361,-0.066149,-0.004094,0.000775,0.005941,0.000000,0.000000,0.000000,0.000000,0.000000
482148229.235620,0.010773,-0.008865,-1.064102,0.009148,0.010385,0.003817,0.999951,0.003912,-0.009147,-0.003817,0.999939,0.010385,0.009187,-0.010349,0.999904,0.009147,-0.010385,-0.999904,0.001625,0.001519,-0.064198,0.005791,0.000801,-0.001401,0.000000,0.000000,0.000000,0.000000,0.000000
482148229.246490,0.011841,-0.011917,-1.068024,0.009148,0.010385,0.003817,0.999951,0.003912,-0.009147,-0.003817,0.999939,0.010385,0.009187,-0.010349,0.999904,0.009147,-0.010385,-0.999904,0.001625,0.001519,-0.064198,0.005791,0.000801,-0.001401,0.000000,0.000000,0.000000,0.000000,0.000000
482148229.256196,0.011749,-0.008896,-1.064102,0.009134,0.010317,0.003839,0.999951,0.003933,-0.009133,-0.003839,0.999939,0.010316,0.009174,-0.010281,0.999905,0.009133,-0.010316,-0.999905,0.000678,-0.000517,-0.064212,-0.006551,-0.000420,0.001003,0.000000,0.000000,0.000000,0.000000,0.000000
482148229.266413,0.006897,-0.012756,-1.062180,0.009208,0.010321,0.003901,0.999950,0.003995,-0.009207,-0.003900,0.999939,0.010321,0.009248,-0.010284,0.999904,0.009207,-0.010321,-0.999904,0.002634,-0.001596,-0.068119,0.008258,-0.004962,-0.003861,0.000000,0.000000,0.000000,0.000000,0.000000
482148229.276457,0.012848,-0.010941,-1.069000,0.009208,0.010321,0.003901,0.999950,0.003995,-0.009207,-0.003900,0.999939,0.010321,0.009248,-0.010284,0.999904,0.009207,-0.010321,-0.999904,0.002634,-0.001596,-0.068119,0.008258,-0.004962,-0.003861,0.000000,0.000000,0.000000,0.000000,0.000000
