Timestamp,Accel_X,Accel_Y,Accel_Z,Roll,Pitch,Yaw,RM11,RM12,RM13,RM21,RM22,RM23,RM31,RM32,RM33,GravAcc_X,GravAcc_Y,GravAcc_Z,UserAcc_X,UserAcc_Y,UserAcc_Z,RotRate_X,RotRate_Y,RotRate_Z,MagHeading,TrueHeading,HeadingAccuracy,Course,Speed
482148606.202777,0.010681,-0.004913,-1.066040,0.010177,0.007911,0.055487,0.998405,0.055536,-0.010177,-0.055456,0.998430,0.007911,0.010600,-0.007334,0.999917,0.010177,-0.007911,-0.999917,-0.003265,-0.001962,-0.074012,-0.000712,-0.001623,0.008094,345.269623,349.732422,-1.000000,0.000000,0.000000
482148606.217150,0.015671,-0.007004,-1.063065,0.010177,0.007911,0.055487,0.998405,0.055536,-0.010177,-0.055456,0.998430,0.007911,0.010600,-0.007334,0.999917,0.010177,-0.007911,-0.999917,-0.003265,-0.001962,-0.074012,-0.000712,-0.001623,0.008094,345.269623,349.732422,-1.000000,0.000000,0.000000
482148606.238469,0.008820,-0.009857,-1.066071,0.010177,0.007911,0.055487,0.998405,0.055536,-0.010177,-0.055456,0.998430,0.007911,0.010600,-0.007334,0.999917,0.010177,-0.007911,-0.999917,-0.003265,-0.001962,-0.074012,-0.000712,-0.001623,0.008094,345.269623,349.732422,-1.000000,0.000000,0.000000
482148606.243820,0.008820,-0.009857,-1.066071,0.010177,0.007911,0.055487,0.998405,0.055536,-0.010177,-0.055456,0.998430,0.007911,0.010600,-0.007334,0.999917,0.010177,-0.007911,-0.999917,-0.003265,-0.001962,-0.074012,-0.000712,-0.001623,0.008094,345.269623,349.732422,-1.000000,0.000000,0.000000
482148606.252138,0.005859,-0.010742,-1.062180,0.010177,0.007911,0.055487,0.998405,0.055536,-0.010177,-0.055456,0.998430,0.007911,0.010600,-0.007334,0.999917,0.010177,-0.007911,-0.999917,-0.003265,-0.001962,-0.074012,-0.000712,-0.001623,0.008094,345.269623,349.732422,-1.000000,0.000000,0.000000
482148606.262347,0.010864,-0.014786,-1.056274,0.010177,0.007911,0.055487,0.998405,0.055536,-0.010177,-0.055456,0.998430,0.007911,0.010600,-0.007334,0.999917,0.010177,-0.007911,-0.999917,-0.003265,-0.001962,-0.074012,-0.000712,-0.001623,0.008094,345.269623,349.732422,-1.000000,0.000000,0.000000
482148606.272356,0.015808,-0.010025,-1.070938,0.010177,0.007911,0.055487,0.998405,0.055536,-0.010177,-0.055456,0.998430,0.007911,0.010600,-0.007334,0.999917,0.010177,-0.007911,-0.999917,-0.003265,-0.001962,-0.074012,-0.000712,-0.001623,0.008094,345.269623,349.732422,-1.000000,0.000000,0.000000
482148606.282460,0.007843,-0.010818,-1.066071,0.010177,0.007911,0.055487,0.998405,0.055536,-0.010177,-0.055456,0.998430,0.007911,0.010600,-0.007334,0.999917,0.010177,-0.007911,-0.999917,-0.003265,-0.001962,-0.074012,-0.000712,-0.001623,0.008094,345.269623,349.732422,-1.000000,0.000000,0.000000
482148606.292901,0.008865,-0.010849,-1.067062,0.010177,0.007911,0.055487,0.998405,0.055536,-0.010177,-0.055456,0.998430,0.007911,0.010600,-0.007334,0.999917,0.010177,-0.007911,-0.999917,-0.003265,-0.001962,-0.074012,-0.000712,-0.001623,0.008094,345.269623,349.732422,-1.000000,0.000000,0.000000
482148606.303378,0.010757,-0.008850,-1.062149,0.010177,0.007911,0.055487,0.998405,0.055536,-0.010177,-0.055456,0.998430,0.007911,0.010600,-0.007334,0.999917,0.010177,-0.007911,-0.999917,-0.003265,-0.001962,-0.074012,-0.000712,-0.001623,0.008094,345.269623,349.732422,-1.000000,0.000000,0.000000
482148606.312463,0.005859,-0.009796,-1.066086,0.010177,0.007911,0.055487,0.998405,0.055536,-0.010177,-0.055456,0.998430,0.007911,0.010600,-0.007334,0.999917,0.010177,-0.007911,-0.999917,-0.003265,-0.001962,-0.074012,-0.000712,-0.001623,0.008094,345.269623,349.732422,-1.000000,0.000000,0.000000
482148606.321460,0.005859,-0.009796,-1.066086,0.010177,0.007911,0.055487,0.998405,0.055536,-0.010177,-0.055456,0.998430,0.007911,0.010600,-0.007334,0.999917,0.010177,-0.007911,-0.999917,-0.003265,-0.001962,-0.074012,-0.000712,-0.001623,0.008094,345.269623,349.732422,-1.000000,0.000000,0.000000
482148606.345726,0.008835,-0.011795,-1.060196,0.010177,0.007911,0.055487,0.998405,0.055536,-0.010177,-0.055456,0.998430,0.007911,0.010600,-0.007334,0.999917,0.010177,-0.007911,-0.999917,-0.003265,-0.001962,-0.074012,-0.000712,-0.001623,0.008094,345.269623,349.732422,-1.000000,0.000000,0.000000
482148606.396404,0.009750,-0.008835,-1.061172,0.010177,0.007911,0.055487,0.998405,0.055536,-0.010177,-0.055456,0.998430,0.007911,0.010600,-0.007334,0.999917,0.010177,-0.007911,-0.999917,-0.003265,-0.001962,-0.074012,-0.000712,-0.001623,0.008094,345.269623,349.732422,-1.000000,0.000000,0.000000
482148606.558917,0.011749,-0.009888,-1.062149,0.010177,0.007911,0.055487,0.998405,0.055536,-0.010177,-0.055456,0.998430,0.007911,0.010600,-0.007334,0.999917,0.010177,-0.007911,-0.999917,-0.003265,-0.001962,-0.074012,-0.000712,-0.001623,0.008094,345.269623,349.732422,-1.000000,0.000000,0.000000
482148606.565093,0.011749,-0.009888,-1.062149,0.010177,0.007911,0.055487,0.998405,0.055536,-0.010177,-0.055456,0.998430,0.007911,0.010600,-0.007334,0.999917,0.010177,-0.007911,-0.999917,-0.003265,-0.001962,-0.074012,-0.000712,-0.001623,0.008094,345.269623,349.732422,-1.000000,0.000000,0.000000
482148606.572114,0.011841,-0.012878,-1.064102,0.010177,0.007911,0.055487,0.998405,0.055536,-0.010177,-0.055456,0.998430,0.007911,0.010600,-0.007334,0.999917,0.010177,-0.007911,-0.999917,-0.003265,-0.001962,-0.074012,-0.000712,-0.001623,0.008094,345.269623,349.732422,-1.000000,0.000000,0.000000
482148606.583561,0.010666,-0.005875,-1.059189,0.010177,0.007911,0.055487,0.998405,0.055536,-0.010177,-0.055456,0.998430,0.007911,0.010600,-0.007334,0.999917,0.010177,-0.007911,-0.999917,-0.003265,-0.001962,-0.074012,-0.000712,-0.001623,0.008094,345.269623,349.732422,-1.000000,0.000000,0.000000
482148606.592222,0.008774,-0.008820,-1.061172,0.010177,0.007911,0.055487,0.998405,0.055536,-0.010177,-0.055456,0.998430,0.007911,0.010600,-0.007334,0.999917,0.010177,-0.007911,-0.999917,-0.003265,-0.001962,-0.074012,-0.000712,-0.001623,0.008094,345.269623,349.732422,-1.000000,0.000000,0.000000
482148606.601574,0.009827,-0.010849,-1.066071,0.010177,0.007911,0.055487,0.998405,0.055536,-0.010177,-0.055456,0.998430,0.007911,0.010600,-0.007334,0.999917,0.010177,-0.007911,-0.999917,-0.003265,-0.001962,-0.074012,-0.000712,-0.001623,0.008094,345.269623,349.732422,-1.000000,0.000000,0.000000
482148606.617865,0.012741,-0.009888,-1.059189,0.010177,0.007911,0.055487,0.998405,0.055536,-0.010177,-0.055456,0.998430,0.007911,0.010600,-0.007334,0.999917,0.010177,-0.007911,-0.999917,-0.003265,-0.001962,-0.074012,-0.000712,-0.001623,0.008094,345.269623,349.732422,-1.000000,0.000000,0.000000
482148606.621480,0.013763,-0.010880,-1.060165,0.010177,0.007911,0.055487,0.998405,0.055536,-0.010177,-0.055456,0.998430,0.007911,0.010600,-0.007334,0.999917,0.010177,-0.007911,-0.999917,-0.003265,-0.001962,-0.074012,-0.000712,-0.001623,0.008094,345.269623,349.732422,-1.000000,0.000000,0.000000
482148606.638898,0.007767,-0.008789,-1.060196,0.010177,0.007911,0.055487,0.998405,0.055536,-0.010177,-0.055456,0.998430,0.007911,0.010600,-0.007334,0.999917,0.010177,-0.007911,-0.999917,-0.003265,-0.001962,-0.074012,-0.000712,-0.001623,0.008094,345.269623,349.732422,-1.000000,0.000000,0.000000
482148606.642075,0.009689,-0.006866,-1.062149,0.010177,0.007911,0.055487,0.998405,0.055536,-0.010177,-0.055456,0.998430,0.007911,0.010600,-0.007334,0.999917,0.010177,-0.007911,-0.999917,-0.003265,-0.001962,-0.074012,-0.000712,-0.001623,0.008094,345.269623,349.732422,-1.000000,0.000000,0.000000
482148606.652535,0.011765,-0.010849,-1.059204,0.010177,0.007911,0.055487,0.998405,0.055536,-0.010177,-0.055456,0.998430,0.007911,0.010600,-0.007334,0.999917,0.010177,-0.007911,-0.999917,-0.003265,-0.001962,-0.074012,-0.000712,-0.001623,0.008094,345.269623,349.732422,-1.000000,0.000000,0.000000
482148606.667733,0.009766,-0.007889,-1.067062,0.010177,0.007911,0.055487,0.998405,0.055536,-0.010177,-0.055456,0.998430,0.007911,0.010600,-0.007334,0.999917,0.010177,-0.007911,-0.999917,-0.003265,-0.001962,-0.074012,-0.000712,-0.001623,0.008094,345.269623,349.732422,-1.000000,0.000000,0.000000
482148606.671746,0.009766,-0.007889,-1.067062,0.010177,0.007911,0.055487,0.998405,0.055536,-0.010177,-0.055456,0.998430,0.007911,0.010600,-0.007334,0.999917,0.010177,-0.007911,-0.999917,-0.003265,-0.001962,-0.074012,-0.000712,-0.001623,0.008094,345.269623,349.732422,-1.000000,0.000000,0.000000
482148606.682532,0.011734,-0.009872,-1.059204,0.010177,0.007911,0.055487,0.998405,0.055536,-0.010177,-0.055456,0.998430,0.007911,0.010600,-0.007334,0.999917,0.010177,-0.007911,-0.999917,-0.003265,-0.001962,-0.074012,-0.000712,-0.001623,0.008094,345.269623,349.732422,-1.000000,0.000000,0.000000
482148606.702285,0.011703,-0.007889,-1.062149,0.010177,0.007911,0.055487,0.998405,0.055536,-0.010177,-0.055456,0.998430,0.007911,0.010600,-0.007334,0.999917,0.010177,-0.007911,-0.999917,-0.003265,-0.001962,-0.074012,-0.000712,-0.001623,0.008094,345.269623,349.732422,-1.000000,0.000000,0.000000
482148606.722987,0.009857,-0.012833,-1.063126,0.010177,0.007911,0.055487,0.998405,0.055536,-0.010177,-0.055456,0.998430,0.007911,0.010600,-0.007334,0.999917,0.010177,-0.007911,-0.999917,-0.003265,-0.001962,-0.074012,-0.000712,-0.001623,0.008094,345.269623,349.732422,-1.000000,0.000000,0.000000
482148606.731771,0.008713,-0.006851,-1.062149,0.010177,0.007911,0.055487,0.998405,0.055536,-0.010177,-0.055456,0.998430,0.007911,0.010600,-0.007334,0.999917,0.010177,-0.007911,-0.999917,-0.003265,-0.001962,-0.074012,-0.000712,-0.001623,0.008094,345.269623,349.732422,-1.000000,0.000000,0.000000
482148606.751300,0.010681,-0.006866,-1.059189,0.010177,0.007911,0.055487,0.998405,0.055536,-0.010177,-0.055456,0.998430,0.007911,0.010600,-0.007334,0.999917,0.010177,-0.007911,-0.999917,-0.003265,-0.001962,-0.074012,-0.000712,-0.001623,0.008094,345.269623,349.732422,-1.000000,0.000000,0.000000
482148606.762792,0.009766,-0.008850,-1.063126,0.010177,0.007911,0.055487,0.998405,0.055536,-0.010177,-0.055456,0.998430,0.007911,0.010600,-0.007334,0.999917,0.010177,-0.007911,-0.999917,-0.003265,-0.001962,-0.074012,-0.000712,-0.001623,0.008094,345.269623,349.732422,-1.000000,0.000000,0.000000
482148606.772130,0.009750,-0.008835,-1.061172,0.010177,0.007911,0.055487,0.998405,0.055536,-0.010177,-0.055456,0.998430,0.007911,0.010600,-0.007334,0.999917,0.010177,-0.007911,-0.999917,-0.003265,-0.001962,-0.074012,-0.000712,-0.001623,0.008094,345.269623,349.732422,-1.000000,0.000000,0.000000
482148606.783701,0.011917,-0.015869,-1.064102,0.010177,0.007911,0.055487,0.998405,0.055536,-0.010177,-0.055456,0.998430,0.007911,0.010600,-0.007334,0.999917,0.010177,-0.007911,-0.999917,-0.003265,-0.001962,-0.074012,-0.000712,-0.001623,0.008094,345.269623,349.732422,-1.000000,0.000000,0.000000
482148606.792052,0.011917,-0.015869,-1.064102,0.010177,0.007911,0.055487,0.998405,0.055536,-0.010177,-0.055456,0.998430,0.007911,0.010600,-0.007334,0.999917,0.010177,-0.007911,-0.999917,-0.003265,-0.001962,-0.074012,-0.000712,-0.001623,0.008094,345.269623,349.732422,-1.000000,0.000000,0.000000
482148606.804398,0.005859,-0.010727,-1.060211,0.010177,0.007911,0.055487,0.998405,0.055536,-0.010177,-0.055456,0.998430,0.007911,0.010600,-0.007334,0.999917,0.010177,-0.007911,-0.999917,-0.003265,-0.001962,-0.074012,-0.000712,-0.001623,0.008094,345.269623,349.732422,-1.000000,0.000000,0.000000
482148606.812242,0.008636,-0.004822,-1.057236,0.010177,0.007911,0.055487,0.998405,0.055536,-0.010177,-0.055456,0.998430,0.007911,0.010600,-0.007334,0.999917,0.010177,-0.007911,-0.999917,-0.003265,-0.001962,-0.074012,-0.000712,-0.001623,0.008094,345.269623,349.732422,-1.000000,0.000000,0.000000
482148606.822847,0.007767,-0.008789,-1.060196,0.010177,0.007911,0.055487,0.998405,0.055536,-0.010177,-0.055456,0.998430,0.007911,0.010600,-0.007334,0.999917,0.010177,-0.007911,-0.999917,-0.003265,-0.001962,-0.074012,-0.000712,-0.001623,0.008094,345.269623,349.732422,-1.000000,0.000000,0.000000
482148606.842411,0.010849,-0.012817,-1.060181,0.010177,0.007911,0.055487,0.998405,0.055536,-0.010177,-0.055456,0.998430,0.007911,0.010600,-0.007334,0.999917,0.010177,-0.007911,-0.999917,-0.003265,-0.001962,-0.074012,-0.000712,-0.001623,0.008094,345.269623,349.732422,-1.000000,0.000000,0.000000
482148606.852428,0.007660,-0.002914,-1.067047,0.010177,0.007911,0.055487,0.998405,0.055536,-0.010177,-0.055456,0.998430,0.007911,0.010600,-0.007334,0.999917,0.010177,-0.007911,-0.999917,-0.003265,-0.001962,-0.074012,-0.000712,-0.001623,0.008094,345.269623,349.732422,-1.000000,0.000000,0.000000
482148606.868188,0.011795,-0.012833,-1.057236,0.010177,0.007911,0.055487,0.998405,0.055536,-0.010177,-0.055456,0.998430,0.007911,0.010600,-0.007334,0.999917,0.010177,-0.007911,-0.999917,-0.003265,-0.001962,-0.074012,-0.000712,-0.001623,0.008094,345.269623,349.732422,-1.000000,0.000000,0.000000
482148606.872208,0.011795,-0.012833,-1.057236,0.010177,0.007911,0.055487,0.998405,0.055536,-0.010177,-0.055456,0.998430,0.007911,0.010600,-0.007334,0.999917,0.010177,-0.007911,-0.999917,-0.003265,-0.001962,-0.074012,-0.000712,-0.001623,0.008094,345.269623,349.732422,-1.000000,0.000000,0.000000
482148606.886593,0.007828,-0.010803,-1.064117,0.010177,0.007911,0.055487,0.998405,0.055536,-0.010177,-0.055456,0.998430,0.007911,0.010600,-0.007334,0.999917,0.010177,-0.007911,-0.999917,-0.003265,-0.001962,-0.074012,-0.000712,-0.001623,0.008094,345.269623,349.732422,-1.000000,0.000000,0.000000
482148606.891857,0.010864,-0.012848,-1.063110,0.010177,0.007911,0.055487,0.998405,0.055536,-0.010177,-0.055456,0.998430,0.007911,0.010600,-0.007334,0.999917,0.010177,-0.007911,-0.999917,-0.003265,-0.001962,-0.074012,-0.000712,-0.001623,0.008094,345.269623,349.732422,-1.000000,0.000000,0.000000
482148606.902400,0.008820,-0.009857,-1.066071,0.010177,0.007911,0.055487,0.998405,0.055536,-0.010177,-0.055456,0.998430,0.007911,0.010600,-0.007334,0.999917,0.010177,-0.007911,-0.999917,-0.003265,-0.001962,-0.074012,-0.000712,-0.001623,0.008094,345.269623,349.732422,-1.000000,0.000000,0.000000
482148606.916359,0.012756,-0.010849,-1.057220,0.010177,0.007911,0.055487,0.998405,0.055536,-0.010177,-0.055456,0.998430,0.007911,0.010600,-0.007334,0.999917,0.010177,-0.007911,-0.999917,-0.003265,-0.001962,-0.074012,-0.000712,-0.001623,0.008094,345.269623,349.732422,-1.000000,0.000000,0.000000
482148606.921838,0.011780,-0.010849,-1.060181,0.010177,0.007911,0.055487,0.998405,0.055536,-0.010177,-0.055456,0.998430,0.007911,0.010600,-0.007334,0.999917,0.010177,-0.007911,-0.999917,-0.003265,-0.001962,-0.074012,-0.000712,-0.001623,0.008094,345.269623,349.732422,-1.000000,0.000000,0.000000
482148606.940482,0.007858,-0.012787,-1.062164,0.010177,0.007911,0.055487,0.998405,0.055536,-0.010177,-0.055456,0.998430,0.007911,0.010600,-0.007334,0.999917,0.010177,-0.007911,-0.999917,-0.003265,-0.001962,-0.074012,-0.000712,-0.001623,0.008094,345.269623,349.732422,-1.000000,0.000000,0.000000
482148606.952429,0.010773,-0.009857,-1.061157,0.010177,0.007911,0.055487,0.998405,0.055536,-0.010177,-0.055456,0.998430,0.007911,0.010600,-0.007334,0.999917,0.010177,-0.007911,-0.999917,-0.003265,-0.001962,-0.074012,-0.000712,-0.001623,0.008094,345.269623,349.732422,-1.000000,0.000000,0.000000
482148606.972665,0.006897,-0.011795,-1.066086,0.014212,0.006955,-0.000068,0.999899,0.000031,-0.014211,0.000068,0.999976,0.006955,0.014211,-0.006955,0.999875,0.014211,-0.006955,-0.999875,-0.003438,-0.002902,-0.061282,-0.000637,-0.001321,0.002183,345.269623,349.732422,-1.000000,0.000000,0.000000
482148606.981577,0.008820,-0.010788,-1.060196,0.014212,0.006955,-0.000068,0.999899,0.000031,-0.014211,0.000068,0.999976,0.006955,0.014211,-0.006955,0.999875,0.014211,-0.006955,-0.999875,-0.003438,-0.002902,-0.061282,-0.000637,-0.001321,0.002183,345.269623,349.732422,-1.000000,0.000000,0.000000
482148607.005760,0.014740,-0.008942,-1.064072,0.013077,0.007346,-0.000020,0.999915,0.000076,-0.013076,0.000020,0.999973,0.007346,0.013076,-0.007346,0.999888,0.013076,-0.007346,-0.999888,-0.006179,-0.004449,-0.066198,0.003090,0.005567,-0.005175,345.269623,349.732422,-1.000000,0.000000,0.000000
482148607.034320,0.006790,-0.008759,-1.058258,0.012495,0.007767,0.000077,0.999922,0.000174,-0.012494,-0.000077,0.999970,0.007767,0.012495,-0.007765,0.999892,0.012494,-0.007767,-0.999892,0.002246,-0.001175,-0.064180,0.003059,0.003337,0.004670,345.269623,349.732422,-1.000000,0.000000,0.000000
482148607.051985,0.007767,-0.008789,-1.060196,0.012401,0.007750,0.000123,0.999923,0.000220,-0.012400,-0.000123,0.999970,0.007750,0.012401,-0.007748,0.999893,0.012400,-0.007750,-0.999893,-0.000666,-0.000169,-0.065186,0.001828,-0.000147,0.003428,345.269623,349.732422,-1.000000,0.000000,0.000000
482148607.062385,0.011703,-0.007889,-1.062149,0.011714,0.008080,0.000118,0.999931,0.000212,-0.011714,-0.000118,0.999967,0.008080,0.011715,-0.008078,0.999899,0.011714,-0.008080,-0.999899,-0.004817,-0.004676,-0.061289,0.006774,0.001012,0.000990,345.269623,349.732422,-1.000000,0.000000,0.000000
482148607.079640,0.009750,-0.008835,-1.062164,0.011718,0.008134,0.000121,0.999931,0.000216,-0.011718,-0.000121,0.999967,0.008134,0.011719,-0.008132,0.999898,0.011718,-0.008134,-0.999898,-0.004821,-0.004622,-0.061289,0.004312,0.003293,-0.000249,345.269623,349.732422,-1.000000,0.000000,0.000000
482148607.081407,0.012772,-0.009918,-1.064087,0.011718,0.008134,0.000121,0.999931,0.000216,-0.011718,-0.000121,0.999967,0.008134,0.011719,-0.008132,0.999898,0.011718,-0.008134,-0.999898,-0.004821,-0.004622,-0.061289,0.004312,0.003293,-0.000249,345.269623,349.732422,-1.000000,0.000000,0.000000
482148607.097555,0.010818,-0.011841,-1.062149,0.011469,0.008074,0.000124,0.999934,0.000216,-0.011469,-0.000124,0.999967,0.008074,0.011470,-0.008072,0.999902,0.011469,-0.008074,-0.999902,0.000235,0.000185,-0.062247,0.001850,-0.005988,-0.002737,345.269623,349.732422,-1.000000,0.000000,0.000000
482148607.102767,0.008789,-0.009811,-1.060196,0.011307,0.008074,0.000098,0.999936,0.000190,-0.011306,-0.000098,0.999967,0.008074,0.011307,-0.008073,0.999904,0.011306,-0.008074,-0.999904,-0.001556,-0.000760,-0.062261,-0.001853,-0.002542,-0.001517,345.269623,349.732422,-1.000000,0.000000,0.000000
482148607.117966,0.007812,-0.010788,-1.062164,0.011287,0.008284,0.000117,0.999936,0.000211,-0.011286,-0.000117,0.999966,0.008283,0.011287,-0.008282,0.999902,0.011286,-0.008283,-0.999902,-0.000467,-0.003557,-0.062247,-0.001859,-0.001357,0.002178,345.269623,349.732422,-1.000000,0.000000,0.000000
482148607.121768,0.007812,-0.010788,-1.062164,0.011287,0.008284,0.000117,0.999936,0.000211,-0.011286,-0.000117,0.999966,0.008283,0.011287,-0.008282,0.999902,0.011286,-0.008283,-0.999902,-0.000467,-0.003557,-0.062247,-0.001859,-0.001357,0.002178,345.269623,349.732422,-1.000000,0.000000,0.000000
482148607.136064,0.008789,-0.008835,-1.063126,0.011095,0.008329,0.000080,0.999938,0.000172,-0.011095,-0.000080,0.999965,0.008329,0.011096,-0.008328,0.999904,0.011095,-0.008329,-0.999904,-0.002305,-0.001482,-0.060292,0.001861,-0.006006,-0.003968,345.269623,349.732422,-1.000000,0.000000,0.000000
482148607.142023,0.008789,-0.008835,-1.063126,0.011095,0.008329,0.000080,0.999938,0.000172,-0.011095,-0.000080,0.999965,0.008329,0.011096,-0.008328,0.999904,0.011095,-0.008329,-0.999904,-0.002305,-0.001482,-0.060292,0.001861,-0.006006,-0.003968,345.269623,349.732422,-1.000000,0.000000,0.000000
482148607.152418,0.010864,-0.012848,-1.063110,0.010907,0.008405,0.000058,0.999941,0.000149,-0.010906,-0.000058,0.999965,0.008405,0.010907,-0.008404,0.999905,0.010906,-0.008405,-0.999905,-0.003093,-0.002383,-0.062259,0.003108,0.003215,-0.006409,345.269623,349.732422,-1.000000,0.000000,0.000000
482148607.162386,0.009750,-0.008835,-1.062164,0.010948,0.008511,0.000042,0.999940,0.000135,-0.010947,-0.000042,0.999964,0.008511,0.010948,-0.008510,0.999904,0.010947,-0.008511,-0.999904,0.001794,-0.000369,-0.060262,0.011723,-0.002454,-0.001455,345.269623,349.732422,-1.000000,0.000000,0.000000
482148607.172436,0.009689,-0.006866,-1.061157,0.010948,0.008511,0.000042,0.999940,0.000135,-0.010947,-0.000042,0.999964,0.008511,0.010948,-0.008510,0.999904,0.010947,-0.008511,-0.999904,0.001794,-0.000369,-0.060262,0.011723,-0.002454,-0.001455,345.269623,349.732422,-1.000000,0.000000,0.000000
482148607.182431,0.010773,-0.009857,-1.061157,0.010751,0.008749,0.000115,0.999942,0.000209,-0.010751,-0.000115,0.999962,0.008749,0.010752,-0.008747,0.999904,0.010751,-0.008749,-0.999904,0.000114,-0.004099,-0.063206,0.008009,-0.004743,0.004680,345.269623,349.732422,-1.000000,0.000000,0.000000
482148607.195903,0.010757,-0.008835,-1.060181,0.010699,0.008810,0.000118,0.999943,0.000213,-0.010699,-0.000118,0.999961,0.008810,0.010700,-0.008808,0.999904,0.010699,-0.008810,-0.999904,-0.000948,-0.000025,-0.062260,0.008017,0.001007,0.002227,345.269623,349.732422,-1.000000,0.000000,0.000000
482148607.202002,0.008820,-0.010803,-1.061172,0.010699,0.008810,0.000118,0.999943,0.000213,-0.010699,-0.000118,0.999961,0.008810,0.010700,-0.008808,0.999904,0.010699,-0.008810,-0.999904,-0.000948,-0.000025,-0.062260,0.008017,0.001007,0.002227,345.269623,349.732422,-1.000000,0.000000,0.000000
482148607.212285,0.010773,-0.009842,-1.060181,0.010599,0.008760,0.000209,0.999944,0.000302,-0.010599,-0.000209,0.999962,0.008760,0.010601,-0.008758,0.999905,0.010599,-0.008760,-0.999905,0.000174,-0.001097,-0.061252,0.004300,-0.004766,0.005894,345.269623,349.732422,-1.000000,0.000000,0.000000
482148607.222653,0.010773,-0.009842,-1.060181,0.010543,0.008797,0.000206,0.999944,0.000299,-0.010542,-0.000206,0.999961,0.008797,0.010544,-0.008795,0.999906,0.010542,-0.008797,-0.999906,0.000215,-0.000038,-0.060275,0.001857,-0.003692,-0.001502,345.269623,349.732422,-1.000000,0.000000,0.000000
482148607.232455,0.012741,-0.008881,-1.060165,0.010543,0.008797,0.000206,0.999944,0.000299,-0.010542,-0.000206,0.999961,0.008797,0.010544,-0.008795,0.999906,0.010542,-0.008797,-0.999906,0.000215,-0.000038,-0.060275,0.001857,-0.003692,-0.001502,345.269623,349.732422,-1.000000,0.000000,0.000000
482148607.242885,0.010757,-0.009842,-1.059204,0.010467,0.008930,0.000255,0.999945,0.000349,-0.010466,-0.000255,0.999960,0.008930,0.010469,-0.008926,0.999905,0.010466,-0.008930,-0.999905,-0.001647,-0.001874,-0.061267,-0.000612,0.007855,0.000967,345.269623,349.732422,-1.000000,0.000000,0.000000
482148607.252283,0.007797,-0.009827,-1.064117,0.010465,0.008990,0.000312,0.999945,0.000406,-0.010465,-0.000312,0.999960,0.008990,0.010468,-0.008987,0.999905,0.010465,-0.008990,-0.999905,0.000308,-0.000852,-0.060276,0.005537,-0.003608,0.005901,345.269623,349.732422,-1.000000,0.000000,0.000000
482148607.265653,0.013748,-0.009933,-1.063095,0.010465,0.008990,0.000312,0.999945,0.000406,-0.010465,-0.000312,0.999960,0.008990,0.010468,-0.008987,0.999905,0.010465,-0.008990,-0.999905,0.000308,-0.000852,-0.060276,0.005537,-0.003608,0.005901,345.269623,349.732422,-1.000000,0.000000,0.000000
482148607.272186,0.012756,-0.010849,-1.056259,0.010441,0.009027,0.000306,0.999945,0.000400,-0.010441,-0.000306,0.999959,0.009027,0.010444,-0.009023,0.999905,0.010441,-0.009027,-0.999905,0.000317,-0.000815,-0.059299,0.001876,-0.002581,-0.006425,345.269623,349.732422,-1.000000,0.000000,0.000000
482148607.282589,0.007004,-0.016739,-1.063141,0.010355,0.009039,0.000226,0.999946,0.000320,-0.010355,-0.000226,0.999959,0.009039,0.010357,-0.009036,0.999906,0.010355,-0.009039,-0.999906,-0.002558,-0.000788,-0.064212,0.004337,0.003224,-0.003942,345.269623,349.732422,-1.000000,0.000000,0.000000
482148607.292505,0.012802,-0.010895,-1.063095,0.010484,0.009087,0.000274,0.999945,0.000369,-0.010483,-0.000274,0.999959,0.009086,0.010486,-0.009083,0.999904,0.010483,-0.009086,-0.999904,0.002273,-0.001763,-0.056355,0.000615,-0.002504,0.003418,345.269623,349.732422,-1.000000,0.000000,0.000000
482148607.302496,0.007690,-0.005829,-1.060181,0.010484,0.009087,0.000274,0.999945,0.000369,-0.010483,-0.000274,0.999959,0.009086,0.010486,-0.009083,0.999904,0.010483,-0.009086,-0.999904,0.002273,-0.001763,-0.056355,0.000615,-0.002504,0.003418,345.269623,349.732422,-1.000000,0.000000,0.000000
482148607.312507,0.009720,-0.007828,-1.060196,0.010380,0.009355,0.000260,0.999946,0.000357,-0.010379,-0.000260,0.999956,0.009355,0.010382,-0.009352,0.999902,0.010379,-0.009355,-0.999902,-0.003375,-0.007384,-0.063238,0.010507,0.002155,0.001009,345.269623,349.732422,-1.000000,0.000000,0.000000
482148607.323403,0.005936,-0.013718,-1.060211,0.010414,0.009466,0.000266,0.999946,0.000364,-0.010413,-0.000266,0.999955,0.009466,0.010416,-0.009463,0.999901,0.010413,-0.009466,-0.999901,0.002389,-0.001429,-0.063194,-0.003050,-0.003732,-0.001525,345.269623,349.732422,-1.000000,0.000000,0.000000
482148607.332322,0.005936,-0.013718,-1.060211,0.010414,0.009466,0.000266,0.999946,0.000364,-0.010413,-0.000266,0.999955,0.009466,0.010416,-0.009463,0.999901,0.010413,-0.009466,-0.999901,0.002389,-0.001429,-0.063194,-0.003050,-0.003732,-0.001525,345.269623,349.732422,-1.000000,0.000000,0.000000
482148607.342712,0.013779,-0.010910,-1.063095,0.010323,0.009355,0.000288,0.999947,0.000384,-0.010323,-0.000288,0.999956,0.009354,0.010326,-0.009351,0.999903,0.010323,-0.009354,-0.999903,-0.002632,0.003526,-0.060278,-0.001839,-0.000236,0.002180,345.269623,349.732422,-1.000000,0.000000,0.000000
482148607.352288,0.010635,-0.003891,-1.060165,0.010179,0.009532,0.000361,0.999948,0.000458,-0.010178,-0.000361,0.999955,0.009532,0.010182,-0.009527,0.999903,0.010178,-0.009532,-0.999903,-0.004243,-0.004186,-0.060308,0.001866,0.000930,0.002198,345.269623,349.732422,-1.000000,0.000000,0.000000
482148607.362673,0.013779,-0.010910,-1.063095,0.010179,0.009532,0.000361,0.999948,0.000458,-0.010178,-0.000361,0.999955,0.009532,0.010182,-0.009527,0.999903,0.010178,-0.009532,-0.999903,-0.004243,-0.004186,-0.060308,0.001866,0.000930,0.002198,345.269623,349.732422,-1.000000,0.000000,0.000000
482148607.372517,0.011703,-0.007874,-1.060181,0.010273,0.009606,0.000417,0.999947,0.000516,-0.010272,-0.000417,0.999954,0.009606,0.010277,-0.009601,0.999901,0.010272,-0.009606,-0.999901,0.003507,-0.001304,-0.063194,0.005560,0.002139,0.004679,345.269623,349.732422,-1.000000,0.000000,0.000000
482148607.382726,0.011765,-0.009903,-1.063110,0.010418,0.009544,0.000591,0.999946,0.000690,-0.010417,-0.000591,0.999954,0.009544,0.010423,-0.009537,0.999900,0.010417,-0.009544,-0.999900,0.003362,-0.001366,-0.063195,-0.003115,0.005622,0.013262,345.269623,349.732422,-1.000000,0.000000,0.000000
482148607.392859,0.005753,-0.006790,-1.062164,0.010418,0.009544,0.000591,0.999946,0.000690,-0.010417,-0.000591,0.999954,0.009544,0.010423,-0.009537,0.999900,0.010417,-0.009544,-0.999900,0.003362,-0.001366,-0.063195,-0.003115,0.005622,0.013262,345.269623,349.732422,-1.000000,0.000000,0.000000
482148607.402258,0.006897,-0.012741,-1.060211,0.010433,0.009587,0.000648,0.999945,0.000748,-0.010432,-0.000648,0.999954,0.009586,0.010439,-0.009579,0.999900,0.010432,-0.009586,-0.999900,0.003347,-0.001324,-0.063195,0.000619,0.000936,0.002192,345.269623,349.732422,-1.000000,0.000000,0.000000
482148607.412690,0.009903,-0.013840,-1.066071,0.010461,0.009434,0.000768,0.999945,0.000867,-0.010461,-0.000768,0.999955,0.009434,0.010468,-0.009425,0.999901,0.010461,-0.009434,-0.999901,0.001304,-0.000469,-0.063210,-0.001850,0.000911,0.000950,345.269623,349.732422,-1.000000,0.000000,0.000000
482148607.425600,0.010788,-0.009872,-1.063110,0.010341,0.009353,0.000713,0.999946,0.000810,-0.010341,-0.000713,0.999956,0.009352,0.010348,-0.009345,0.999903,0.010341,-0.009352,-0.999903,-0.004588,0.002562,-0.062262,-0.001839,0.003153,-0.005202,345.269623,349.732422,-1.000000,0.000000,0.000000
482148607.432206,0.010788,-0.009872,-1.063110,0.010341,0.009353,0.000713,0.999946,0.000810,-0.010341,-0.000713,0.999956,0.009352,0.010348,-0.009345,0.999903,0.010341,-0.009352,-0.999903,-0.004588,0.002562,-0.062262,-0.001839,0.003153,-0.005202,345.269623,349.732422,-1.000000,0.000000,0.000000
482148607.442293,0.011749,-0.008896,-1.063110,0.010189,0.009518,0.000763,0.999948,0.000859,-0.010188,-0.000763,0.999954,0.009518,0.010196,-0.009509,0.999903,0.010188,-0.009518,-0.999903,-0.000285,-0.004322,-0.066168,0.009272,0.000928,-0.002692,345.269623,349.732422,-1.000000,0.000000,0.000000
482148607.453441,0.011856,-0.012894,-1.065079,0.010189,0.009518,0.000763,0.999948,0.000859,-0.010188,-0.000763,0.999954,0.009518,0.010196,-0.009509,0.999903,0.010188,-0.009518,-0.999903,-0.000285,-0.004322,-0.066168,0.009272,0.000928,-0.002692,345.269623,349.732422,-1.000000,0.000000,0.000000
482148607.462333,0.007828,-0.010803,-1.063126,0.010196,0.009583,0.000712,0.999948,0.000809,-0.010196,-0.000712,0.999954,0.009582,0.010203,-0.009575,0.999902,0.010196,-0.009582,-0.999902,0.000592,-0.000290,-0.063208,0.008053,-0.001432,-0.007626,345.269623,349.732422,-1.000000,0.000000,0.000000
482148607.472951,0.006744,-0.006805,-1.062164,0.010221,0.009662,0.000694,0.999947,0.000792,-0.010220,-0.000694,0.999953,0.009661,0.010227,-0.009654,0.999901,0.010220,-0.009661,-0.999901,0.001636,-0.003232,-0.065178,-0.005536,-0.000295,0.000932,345.269623,349.732422,-1.000000,0.000000,0.000000
482148607.482708,0.005692,-0.003799,-1.060196,0.010207,0.009692,0.000715,0.999948,0.000814,-0.010206,-0.000715,0.999953,0.009692,0.010214,-0.009684,0.999901,0.010206,-0.009692,-0.999901,0.001650,-0.003202,-0.065178,0.006793,0.000958,0.002221,345.269623,349.732422,-1.000000,0.000000,0.000000
482148607.492666,0.009750,-0.008835,-1.061172,0.010207,0.009692,0.000715,0.999948,0.000814,-0.010206,-0.000715,0.999953,0.009692,0.010214,-0.009684,0.999901,0.010206,-0.009692,-0.999901,0.001650,-0.003202,-0.065178,0.006793,0.000958,0.002221,345.269623,349.732422,-1.000000,0.000000,0.000000
482148607.502429,0.009674,-0.006851,-1.059204,0.010029,0.009674,0.000770,0.999949,0.000867,-0.010029,-0.000770,0.999953,0.009674,0.010037,-0.009665,0.999903,0.010029,-0.009674,-0.999903,-0.003284,0.002868,-0.062261,-0.003077,-0.003775,-0.000294,345.269623,349.732422,-1.000000,0.000000,0.000000
482148607.521728,0.009674,-0.006851,-1.059204,0.010029,0.009674,0.000770,0.999949,0.000867,-0.010029,-0.000770,0.999953,0.009674,0.010037,-0.009665,0.999903,0.010029,-0.009674,-0.999903,-0.003284,0.002868,-0.062261,-0.003077,-0.003775,-0.000294,345.269623,349.732422,-1.000000,0.000000,0.000000
482148607.531664,0.008835,-0.010818,-1.063126,0.009825,0.009448,0.000919,0.999951,0.001012,-0.009825,-0.000919,0.999955,0.009448,0.009834,-0.009438,0.999907,0.009825,-0.009448,-0.999907,-0.000151,0.002597,-0.059297,-0.000662,0.000882,0.004649,345.269623,349.732422,-1.000000,0.000000,0.000000
482148607.544726,0.014633,-0.004974,-1.064056,0.009880,0.009416,0.000863,0.999951,0.000956,-0.009880,-0.000863,0.999955,0.009416,0.009888,-0.009407,0.999907,0.009880,-0.009416,-0.999907,0.001839,0.000550,-0.059297,0.003079,0.004262,-0.008870,345.269623,349.732422,-1.000000,0.000000,0.000000
482148607.555615,0.014633,-0.004974,-1.064056,0.009880,0.009416,0.000863,0.999951,0.000956,-0.009880,-0.000863,0.999955,0.009416,0.009888,-0.009407,0.999907,0.009880,-0.009416,-0.999907,0.001839,0.000550,-0.059297,0.003079,0.004262,-0.008870,345.269623,349.732422,-1.000000,0.000000,0.000000
482148607.561988,0.013840,-0.012924,-1.066040,0.009865,0.009480,0.000905,0.999951,0.000999,-0.009864,-0.000905,0.999955,0.009479,0.009873,-0.009470,0.999906,0.009864,-0.009479,-0.999906,-0.000022,-0.002377,-0.065188,-0.005601,0.003179,0.007092,345.269623,349.732422,-1.000000,0.000000,0.000000
482148607.571849,0.008896,-0.013794,-1.062164,0.009807,0.009490,0.000897,0.999951,0.000990,-0.009807,-0.000897,0.999955,0.009490,0.009816,-0.009481,0.999907,0.009807,-0.009490,-0.999907,-0.000972,-0.001329,-0.063219,0.004307,-0.003790,-0.005185,345.269623,349.732422,-1.000000,0.000000,0.000000
482148607.582825,0.011734,-0.008881,-1.062149,0.010036,0.009476,0.000992,0.999949,0.001087,-0.010035,-0.000992,0.999955,0.009475,0.010045,-0.009465,0.999905,0.010035,-0.009475,-0.999905,0.003805,-0.003449,-0.066135,0.005489,0.000980,0.008370,345.269623,349.732422,-1.000000,0.000000,0.000000
482148607.592506,0.006851,-0.009811,-1.065109,0.010036,0.009476,0.000992,0.999949,0.001087,-0.010035,-0.000992,0.999955,0.009475,0.010045,-0.009465,0.999905,0.010035,-0.009475,-0.999905,0.003805,-0.003449,-0.066135,0.005489,0.000980,0.008370,345.269623,349.732422,-1.000000,0.000000,0.000000
482148607.603427,0.011810,-0.012848,-1.059204,0.010028,0.009606,0.001043,0.999949,0.001139,-0.010027,-0.001043,0.999953,0.009606,0.010038,-0.009595,0.999904,0.010027,-0.009606,-0.999904,-0.001132,-0.004188,-0.062261,0.004294,0.002057,0.000980,345.269623,349.732422,-1.000000,0.000000,0.000000
482148607.614069,0.009766,-0.009827,-1.060196,0.010028,0.009606,0.001043,0.999949,0.001139,-0.010027,-0.001043,0.999953,0.009606,0.010038,-0.009595,0.999904,0.010027,-0.009606,-0.999904,-0.001132,-0.004188,-0.062261,0.004294,0.002057,0.000980,345.269623,349.732422,-1.000000,0.000000,0.000000
482148607.622373,0.008789,-0.008835,-1.064117,0.009923,0.009598,0.001068,0.999950,0.001163,-0.009923,-0.001068,0.999953,0.009597,0.009933,-0.009586,0.999905,0.009923,-0.009597,-0.999905,-0.003071,-0.000214,-0.065205,0.003053,-0.004891,0.000963,345.269623,349.732422,-1.000000,0.000000,0.000000
482148607.632458,0.011719,-0.007904,-1.063110,0.009943,0.009722,0.001113,0.999950,0.001209,-0.009943,-0.001113,0.999952,0.009722,0.009954,-0.009710,0.999903,0.009943,-0.009722,-0.999903,0.001867,-0.003126,-0.059301,0.007984,-0.002510,0.004682,345.269623,349.732422,-1.000000,0.000000,0.000000
482148607.643940,0.011719,-0.007904,-1.063110,0.009943,0.009722,0.001113,0.999950,0.001209,-0.009943,-0.001113,0.999952,0.009722,0.009954,-0.009710,0.999903,0.009943,-0.009722,-0.999903,0.001867,-0.003126,-0.059301,0.007984,-0.002510,0.004682,345.269623,349.732422,-1.000000,0.000000,0.000000
482148607.652416,0.008789,-0.010773,-1.056290,0.009915,0.009735,0.001227,0.999950,0.001323,-0.009914,-0.001227,0.999952,0.009735,0.009927,-0.009722,0.999903,0.009914,-0.009735,-0.999903,-0.000149,-0.000092,-0.060292,0.003066,0.000874,-0.000259,345.269623,349.732422,-1.000000,0.000000,0.000000
482148607.662071,0.006699,-0.004807,-1.062164,0.009840,0.009743,0.001153,0.999951,0.001248,-0.009840,-0.001153,0.999952,0.009743,0.009852,-0.009731,0.999904,0.009840,-0.009743,-0.999904,-0.001051,0.000908,-0.064213,0.003084,-0.001504,-0.007649,345.269623,349.732422,-1.000000,0.000000,0.000000
482148607.672813,0.010788,-0.009872,-1.063110,0.009820,0.009670,0.001082,0.999951,0.001177,-0.009820,-0.001082,0.999953,0.009670,0.009831,-0.009659,0.999905,0.009820,-0.009670,-0.999905,-0.001031,-0.001103,-0.056385,0.003059,-0.003774,-0.002728,345.269623,349.732422,-1.000000,0.000000,0.000000
482148607.682942,0.011749,-0.009872,-1.060181,0.009820,0.009670,0.001082,0.999951,0.001177,-0.009820,-0.001082,0.999953,0.009670,0.009831,-0.009659,0.999905,0.009820,-0.009670,-0.999905,-0.001031,-0.001103,-0.056385,0.003059,-0.003774,-0.002728,345.269623,349.732422,-1.000000,0.000000,0.000000
482148607.692493,0.009766,-0.008850,-1.064117,0.009719,0.009558,0.001146,0.999952,0.001238,-0.009719,-0.001145,0.999954,0.009558,0.009730,-0.009546,0.999907,0.009719,-0.009558,-0.999907,-0.003020,0.004751,-0.062257,0.000546,-0.006054,0.004643,345.269623,349.732422,-1.000000,0.000000,0.000000
482148607.702648,0.012726,-0.007919,-1.063095,0.009748,0.009533,0.001122,0.999952,0.001215,-0.009748,-0.001122,0.999954,0.009533,0.009759,-0.009522,0.999907,0.009748,-0.009533,-0.999907,0.002001,-0.000339,-0.060274,-0.000684,-0.000291,0.003415,345.269623,349.732422,-1.000000,0.000000,0.000000
482148607.712543,0.009811,-0.010834,-1.064117,0.009748,0.009533,0.001122,0.999952,0.001215,-0.009748,-0.001122,0.999954,0.009533,0.009759,-0.009522,0.999907,0.009748,-0.009533,-0.999907,0.002001,-0.000339,-0.060274,-0.000684,-0.000291,0.003415,345.269623,349.732422,-1.000000,0.000000,0.000000
482148607.723335,0.015671,-0.006027,-1.066010,0.009734,0.009563,0.001149,0.999952,0.001242,-0.009734,-0.001149,0.999954,0.009563,0.009745,-0.009551,0.999907,0.009734,-0.009563,-0.999907,0.002016,-0.000310,-0.060274,0.003027,-0.002606,-0.000265,345.269623,349.732422,-1.000000,0.000000,0.000000
482148607.732250,0.010742,-0.008835,-1.059204,0.009705,0.009467,0.001083,0.999952,0.001175,-0.009705,-0.001083,0.999955,0.009467,0.009715,-0.009456,0.999908,0.009705,-0.009467,-0.999908,0.003021,0.001547,-0.063187,-0.001909,-0.004974,-0.003984,345.269623,349.732422,-1.000000,0.000000,0.000000
482148607.741789,0.010742,-0.008835,-1.059204,0.009705,0.009467,0.001083,0.999952,0.001175,-0.009705,-0.001083,0.999955,0.009467,0.009715,-0.009456,0.999908,0.009705,-0.009467,-0.999908,0.003021,0.001547,-0.063187,-0.001909,-0.004974,-0.003984,345.269623,349.732422,-1.000000,0.000000,0.000000
482148607.752348,0.011688,-0.006927,-1.063095,0.009647,0.009518,0.001117,0.999953,0.001208,-0.009646,-0.001116,0.999954,0.009518,0.009657,-0.009507,0.999908,0.009646,-0.009518,-0.999908,0.000165,-0.001316,-0.064209,0.001779,-0.002599,0.000960,345.269623,349.732422,-1.000000,0.000000,0.000000
482148607.762516,0.011780,-0.011856,-1.059204,0.009718,0.009376,0.001134,0.999952,0.001225,-0.009717,-0.001134,0.999955,0.009376,0.009728,-0.009364,0.999909,0.009717,-0.009376,-0.999909,0.001025,0.000541,-0.059295,-0.004416,-0.006072,0.002157,345.269623,349.732422,-1.000000,0.000000,0.000000
482148607.772456,0.008743,-0.007812,-1.060196,0.009718,0.009376,0.001134,0.999952,0.001225,-0.009717,-0.001134,0.999955,0.009376,0.009728,-0.009364,0.999909,0.009717,-0.009376,-0.999909,0.001025,0.000541,-0.059295,-0.004416,-0.006072,0.002157,345.269623,349.732422,-1.000000,0.000000,0.000000
482148607.782235,0.014740,-0.008942,-1.064072,0.009700,0.009323,0.001155,0.999952,0.001245,-0.009699,-0.001155,0.999956,0.009323,0.009710,-0.009311,0.999910,0.009699,-0.009323,-0.999910,0.001989,0.002395,-0.063186,0.001727,-0.002526,0.005884,345.269623,349.732422,-1.000000,0.000000,0.000000
482148607.792613,0.008820,-0.010788,-1.060196,0.009726,0.009412,0.001197,0.999952,0.001289,-0.009726,-0.001197,0.999955,0.009412,0.009737,-0.009400,0.999908,0.009726,-0.009412,-0.999908,-0.000982,0.001600,-0.060288,0.006671,-0.003678,0.002211,345.269623,349.732422,-1.000000,0.000000,0.000000
482148607.803618,0.006836,-0.008804,-1.065109,0.009726,0.009412,0.001197,0.999952,0.001289,-0.009726,-0.001197,0.999955,0.009412,0.009737,-0.009400,0.999908,0.009726,-0.009412,-0.999908,-0.000982,0.001600,-0.060288,0.006671,-0.003678,0.002211,345.269623,349.732422,-1.000000,0.000000,0.000000
482148607.812643,0.012894,-0.014877,-1.063095,0.009701,0.009423,0.001170,0.999952,0.001262,-0.009700,-0.001170,0.999955,0.009423,0.009712,-0.009411,0.999909,0.009700,-0.009423,-0.999909,-0.000957,0.001611,-0.060287,0.001758,-0.004920,-0.003968,345.269623,349.732422,-1.000000,0.000000,0.000000
482148607.822476,0.008789,-0.009811,-1.060196,0.009751,0.009511,0.001176,0.999952,0.001269,-0.009750,-0.001176,0.999954,0.009511,0.009762,-0.009499,0.999907,0.009750,-0.009511,-0.999907,-0.000931,-0.001277,-0.060289,0.006698,-0.002584,-0.006404,345.269623,349.732422,-1.000000,0.000000,0.000000
482148607.833216,0.012772,-0.009918,-1.063095,0.009751,0.009511,0.001176,0.999952,0.001269,-0.009750,-0.001176,0.999954,0.009511,0.009762,-0.009499,0.999907,0.009750,-0.009511,-0.999907,-0.000931,-0.001277,-0.060289,0.006698,-0.002584,-0.006404,345.269623,349.732422,-1.000000,0.000000,0.000000
482148607.842581,0.012726,-0.008881,-1.059189,0.009663,0.009464,0.001192,0.999952,0.001283,-0.009662,-0.001192,0.999955,0.009464,0.009674,-0.009452,0.999909,0.009662,-0.009464,-0.999909,-0.002827,0.000660,-0.065201,-0.004435,0.000859,0.002168,345.269623,349.732422,-1.000000,0.000000,0.000000
482148607.852697,0.009842,-0.012817,-1.061172,0.009659,0.009685,0.001228,0.999952,0.001321,-0.009658,-0.001227,0.999952,0.009685,0.009671,-0.009673,0.999906,0.009658,-0.009685,-0.999906,-0.000869,-0.000126,-0.060289,0.006700,-0.001409,-0.002709,345.269623,349.732422,-1.000000,0.000000,0.000000
