PD_ages=[76
77
80
76
74
76
62
82
69
76
81
39
65
78
50
75
70
80
76
75
43
78
73];

H_ages=[67
79
71
63
61
54
68
61
61
60
68
67
72
68
74
65
73
71
64
77];