Timestamp,Accel_X,Accel_Y,Accel_Z,Roll,Pitch,Yaw,RM11,RM12,RM13,RM21,RM22,RM23,RM31,RM32,RM33,GravAcc_X,GravAcc_Y,GravAcc_Z,UserAcc_X,UserAcc_Y,UserAcc_Z,RotRate_X,RotRate_Y,RotRate_Z,MagHeading,TrueHeading,HeadingAccuracy,Course,Speed
482148815.921104,0.008713,-0.004898,-1.067047,0.009302,0.009665,0.031513,0.999457,0.031596,-0.009302,-0.031507,0.999457,0.009665,0.009602,-0.009367,0.999910,0.009302,-0.009665,-0.999910,-0.000482,0.000800,-0.067152,-0.008503,-0.004235,0.005463,345.408051,349.870850,-1.000000,0.000000,0.000000
482148815.939160,0.011780,-0.010849,-1.060181,0.009302,0.009665,0.031513,0.999457,0.031596,-0.009302,-0.031507,0.999457,0.009665,0.009602,-0.009367,0.999910,0.009302,-0.009665,-0.999910,-0.000482,0.000800,-0.067152,-0.008503,-0.004235,0.005463,345.408051,349.870850,-1.000000,0.000000,0.000000
482148815.949823,0.009598,-0.002884,-1.060181,0.009302,0.009665,0.031513,0.999457,0.031596,-0.009302,-0.031507,0.999457,0.009665,0.009602,-0.009367,0.999910,0.009302,-0.009665,-0.999910,-0.000482,0.000800,-0.067152,-0.008503,-0.004235,0.005463,345.408051,349.870850,-1.000000,0.000000,0.000000
482148815.972166,0.008698,-0.005844,-1.060181,0.009302,0.009665,0.031513,0.999457,0.031596,-0.009302,-0.031507,0.999457,0.009665,0.009602,-0.009367,0.999910,0.009302,-0.009665,-0.999910,-0.000482,0.000800,-0.067152,-0.008503,-0.004235,0.005463,345.408051,349.870850,-1.000000,0.000000,0.000000
482148815.979631,0.013702,-0.007935,-1.063095,0.009302,0.009665,0.031513,0.999457,0.031596,-0.009302,-0.031507,0.999457,0.009665,0.009602,-0.009367,0.999910,0.009302,-0.009665,-0.999910,-0.000482,0.000800,-0.067152,-0.008503,-0.004235,0.005463,345.408051,349.870850,-1.000000,0.000000,0.000000
482148815.992598,0.007858,-0.012787,-1.062164,0.009302,0.009665,0.031513,0.999457,0.031596,-0.009302,-0.031507,0.999457,0.009665,0.009602,-0.009367,0.999910,0.009302,-0.009665,-0.999910,-0.000482,0.000800,-0.067152,-0.008503,-0.004235,0.005463,345.408051,349.870850,-1.000000,0.000000,0.000000
482148815.999583,0.009720,-0.007843,-1.062164,0.009302,0.009665,0.031513,0.999457,0.031596,-0.009302,-0.031507,0.999457,0.009665,0.009602,-0.009367,0.999910,0.009302,-0.009665,-0.999910,-0.000482,0.000800,-0.067152,-0.008503,-0.004235,0.005463,345.408051,349.870850,-1.000000,0.000000,0.000000
482148816.011410,0.006744,-0.006790,-1.060196,0.009302,0.009665,0.031513,0.999457,0.031596,-0.009302,-0.031507,0.999457,0.009665,0.009602,-0.009367,0.999910,0.009302,-0.009665,-0.999910,-0.000482,0.000800,-0.067152,-0.008503,-0.004235,0.005463,345.408051,349.870850,-1.000000,0.000000,0.000000
482148816.019684,0.011719,-0.007904,-1.064102,0.009302,0.009665,0.031513,0.999457,0.031596,-0.009302,-0.031507,0.999457,0.009665,0.009602,-0.009367,0.999910,0.009302,-0.009665,-0.999910,-0.000482,0.000800,-0.067152,-0.008503,-0.004235,0.005463,345.408051,349.870850,-1.000000,0.000000,0.000000
482148816.030789,0.008636,-0.002899,-1.064102,0.009302,0.009665,0.031513,0.999457,0.031596,-0.009302,-0.031507,0.999457,0.009665,0.009602,-0.009367,0.999910,0.009302,-0.009665,-0.999910,-0.000482,0.000800,-0.067152,-0.008503,-0.004235,0.005463,345.408051,349.870850,-1.000000,0.000000,0.000000
482148816.042668,0.011795,-0.010880,-1.063110,0.009302,0.009665,0.031513,0.999457,0.031596,-0.009302,-0.031507,0.999457,0.009665,0.009602,-0.009367,0.999910,0.009302,-0.009665,-0.999910,-0.000482,0.000800,-0.067152,-0.008503,-0.004235,0.005463,345.408051,349.870850,-1.000000,0.000000,0.000000
482148816.049599,0.011795,-0.010880,-1.063110,0.009302,0.009665,0.031513,0.999457,0.031596,-0.009302,-0.031507,0.999457,0.009665,0.009602,-0.009367,0.999910,0.009302,-0.009665,-0.999910,-0.000482,0.000800,-0.067152,-0.008503,-0.004235,0.005463,345.408051,349.870850,-1.000000,0.000000,0.000000
482148816.060163,0.010803,-0.008896,-1.067047,0.009302,0.009665,0.031513,0.999457,0.031596,-0.009302,-0.031507,0.999457,0.009665,0.009602,-0.009367,0.999910,0.009302,-0.009665,-0.999910,-0.000482,0.000800,-0.067152,-0.008503,-0.004235,0.005463,345.408051,349.870850,-1.000000,0.000000,0.000000
482148816.069041,0.011917,-0.015869,-1.063110,0.009302,0.009665,0.031513,0.999457,0.031596,-0.009302,-0.031507,0.999457,0.009665,0.009602,-0.009367,0.999910,0.009302,-0.009665,-0.999910,-0.000482,0.000800,-0.067152,-0.008503,-0.004235,0.005463,345.408051,349.870850,-1.000000,0.000000,0.000000
482148816.080003,0.007843,-0.010818,-1.065094,0.009302,0.009665,0.031513,0.999457,0.031596,-0.009302,-0.031507,0.999457,0.009665,0.009602,-0.009367,0.999910,0.009302,-0.009665,-0.999910,-0.000482,0.000800,-0.067152,-0.008503,-0.004235,0.005463,345.408051,349.870850,-1.000000,0.000000,0.000000
482148816.096405,0.005859,-0.010727,-1.060211,0.009302,0.009665,0.031513,0.999457,0.031596,-0.009302,-0.031507,0.999457,0.009665,0.009602,-0.009367,0.999910,0.009302,-0.009665,-0.999910,-0.000482,0.000800,-0.067152,-0.008503,-0.004235,0.005463,345.408051,349.870850,-1.000000,0.000000,0.000000
482148816.099035,0.005859,-0.010727,-1.060211,0.009302,0.009665,0.031513,0.999457,0.031596,-0.009302,-0.031507,0.999457,0.009665,0.009602,-0.009367,0.999910,0.009302,-0.009665,-0.999910,-0.000482,0.000800,-0.067152,-0.008503,-0.004235,0.005463,345.408051,349.870850,-1.000000,0.000000,0.000000
482148816.111719,0.009750,-0.008835,-1.062164,0.009302,0.009665,0.031513,0.999457,0.031596,-0.009302,-0.031507,0.999457,0.009665,0.009602,-0.009367,0.999910,0.009302,-0.009665,-0.999910,-0.000482,0.000800,-0.067152,-0.008503,-0.004235,0.005463,345.408051,349.870850,-1.000000,0.000000,0.000000
482148816.119615,0.006897,-0.012741,-1.060211,0.009302,0.009665,0.031513,0.999457,0.031596,-0.009302,-0.031507,0.999457,0.009665,0.009602,-0.009367,0.999910,0.009302,-0.009665,-0.999910,-0.000482,0.000800,-0.067152,-0.008503,-0.004235,0.005463,345.408051,349.870850,-1.000000,0.000000,0.000000
482148816.129828,0.011871,-0.012909,-1.067047,0.009302,0.009665,0.031513,0.999457,0.031596,-0.009302,-0.031507,0.999457,0.009665,0.009602,-0.009367,0.999910,0.009302,-0.009665,-0.999910,-0.000482,0.000800,-0.067152,-0.008503,-0.004235,0.005463,345.408051,349.870850,-1.000000,0.000000,0.000000
482148816.139213,0.008789,-0.008835,-1.064117,0.009302,0.009665,0.031513,0.999457,0.031596,-0.009302,-0.031507,0.999457,0.009665,0.009602,-0.009367,0.999910,0.009302,-0.009665,-0.999910,-0.000482,0.000800,-0.067152,-0.008503,-0.004235,0.005463,345.408051,349.870850,-1.000000,0.000000,0.000000
482148816.149827,0.010895,-0.014816,-1.061157,0.009302,0.009665,0.031513,0.999457,0.031596,-0.009302,-0.031507,0.999457,0.009665,0.009602,-0.009367,0.999910,0.009302,-0.009665,-0.999910,-0.000482,0.000800,-0.067152,-0.008503,-0.004235,0.005463,345.408051,349.870850,-1.000000,0.000000,0.000000
482148816.164533,0.010788,-0.009872,-1.064102,0.009302,0.009665,0.031513,0.999457,0.031596,-0.009302,-0.031507,0.999457,0.009665,0.009602,-0.009367,0.999910,0.009302,-0.009665,-0.999910,-0.000482,0.000800,-0.067152,-0.008503,-0.004235,0.005463,345.408051,349.870850,-1.000000,0.000000,0.000000
482148816.169588,0.010788,-0.009872,-1.064102,0.009302,0.009665,0.031513,0.999457,0.031596,-0.009302,-0.031507,0.999457,0.009665,0.009602,-0.009367,0.999910,0.009302,-0.009665,-0.999910,-0.000482,0.000800,-0.067152,-0.008503,-0.004235,0.005463,345.408051,349.870850,-1.000000,0.000000,0.000000
482148816.179798,0.013733,-0.009918,-1.061142,0.009302,0.009665,0.031513,0.999457,0.031596,-0.009302,-0.031507,0.999457,0.009665,0.009602,-0.009367,0.999910,0.009302,-0.009665,-0.999910,-0.000482,0.000800,-0.067152,-0.008503,-0.004235,0.005463,345.408051,349.870850,-1.000000,0.000000,0.000000
482148816.198116,0.010727,-0.007843,-1.060181,0.009302,0.009665,0.031513,0.999457,0.031596,-0.009302,-0.031507,0.999457,0.009665,0.009602,-0.009367,0.999910,0.009302,-0.009665,-0.999910,-0.000482,0.000800,-0.067152,-0.008503,-0.004235,0.005463,345.408051,349.870850,-1.000000,0.000000,0.000000
482148816.198858,0.010727,-0.007843,-1.060181,0.009302,0.009665,0.031513,0.999457,0.031596,-0.009302,-0.031507,0.999457,0.009665,0.009602,-0.009367,0.999910,0.009302,-0.009665,-0.999910,-0.000482,0.000800,-0.067152,-0.008503,-0.004235,0.005463,345.408051,349.870850,-1.000000,0.000000,0.000000
482148816.211567,0.010727,-0.007858,-1.062149,0.009302,0.009665,0.031513,0.999457,0.031596,-0.009302,-0.031507,0.999457,0.009665,0.009602,-0.009367,0.999910,0.009302,-0.009665,-0.999910,-0.000482,0.000800,-0.067152,-0.008503,-0.004235,0.005463,345.408051,349.870850,-1.000000,0.000000,0.000000
482148816.219430,0.012726,-0.008881,-1.059189,0.009302,0.009665,0.031513,0.999457,0.031596,-0.009302,-0.031507,0.999457,0.009665,0.009602,-0.009367,0.999910,0.009302,-0.009665,-0.999910,-0.000482,0.000800,-0.067152,-0.008503,-0.004235,0.005463,345.408051,349.870850,-1.000000,0.000000,0.000000
482148816.229712,0.010757,-0.008850,-1.062149,0.009302,0.009665,0.031513,0.999457,0.031596,-0.009302,-0.031507,0.999457,0.009665,0.009602,-0.009367,0.999910,0.009302,-0.009665,-0.999910,-0.000482,0.000800,-0.067152,-0.008503,-0.004235,0.005463,345.408051,349.870850,-1.000000,0.000000,0.000000
482148816.244917,0.010880,-0.012863,-1.065079,0.009302,0.009665,0.031513,0.999457,0.031596,-0.009302,-0.031507,0.999457,0.009665,0.009602,-0.009367,0.999910,0.009302,-0.009665,-0.999910,-0.000482,0.000800,-0.067152,-0.008503,-0.004235,0.005463,345.408051,349.870850,-1.000000,0.000000,0.000000
482148816.249567,0.007812,-0.010788,-1.062164,0.009302,0.009665,0.031513,0.999457,0.031596,-0.009302,-0.031507,0.999457,0.009665,0.009602,-0.009367,0.999910,0.009302,-0.009665,-0.999910,-0.000482,0.000800,-0.067152,-0.008503,-0.004235,0.005463,345.408051,349.870850,-1.000000,0.000000,0.000000
482148816.262852,0.009842,-0.012802,-1.060196,0.009302,0.009665,0.031513,0.999457,0.031596,-0.009302,-0.031507,0.999457,0.009665,0.009602,-0.009367,0.999910,0.009302,-0.009665,-0.999910,-0.000482,0.000800,-0.067152,-0.008503,-0.004235,0.005463,345.408051,349.870850,-1.000000,0.000000,0.000000
482148816.270855,0.009842,-0.012802,-1.060196,0.009302,0.009665,0.031513,0.999457,0.031596,-0.009302,-0.031507,0.999457,0.009665,0.009602,-0.009367,0.999910,0.009302,-0.009665,-0.999910,-0.000482,0.000800,-0.067152,-0.008503,-0.004235,0.005463,345.408051,349.870850,-1.000000,0.000000,0.000000
482148816.279611,0.007858,-0.010834,-1.068039,0.009302,0.009665,0.031513,0.999457,0.031596,-0.009302,-0.031507,0.999457,0.009665,0.009602,-0.009367,0.999910,0.009302,-0.009665,-0.999910,-0.000482,0.000800,-0.067152,-0.008503,-0.004235,0.005463,345.408051,349.870850,-1.000000,0.000000,0.000000
482148816.297086,0.014740,-0.008942,-1.063080,0.009302,0.009665,0.031513,0.999457,0.031596,-0.009302,-0.031507,0.999457,0.009665,0.009602,-0.009367,0.999910,0.009302,-0.009665,-0.999910,-0.000482,0.000800,-0.067152,-0.008503,-0.004235,0.005463,345.408051,349.870850,-1.000000,0.000000,0.000000
482148816.298973,0.006821,-0.008789,-1.064133,0.009302,0.009665,0.031513,0.999457,0.031596,-0.009302,-0.031507,0.999457,0.009665,0.009602,-0.009367,0.999910,0.009302,-0.009665,-0.999910,-0.000482,0.000800,-0.067152,-0.008503,-0.004235,0.005463,345.408051,349.870850,-1.000000,0.000000,0.000000
482148816.312668,0.009796,-0.010818,-1.062164,0.009302,0.009665,0.031513,0.999457,0.031596,-0.009302,-0.031507,0.999457,0.009665,0.009602,-0.009367,0.999910,0.009302,-0.009665,-0.999910,-0.000482,0.000800,-0.067152,-0.008503,-0.004235,0.005463,345.408051,349.870850,-1.000000,0.000000,0.000000
482148816.319754,0.007782,-0.009811,-1.062164,0.009302,0.009665,0.031513,0.999457,0.031596,-0.009302,-0.031507,0.999457,0.009665,0.009602,-0.009367,0.999910,0.009302,-0.009665,-0.999910,-0.000482,0.000800,-0.067152,-0.008503,-0.004235,0.005463,345.408051,349.870850,-1.000000,0.000000,0.000000
482148816.329849,0.007858,-0.010834,-1.067062,0.009302,0.009665,0.031513,0.999457,0.031596,-0.009302,-0.031507,0.999457,0.009665,0.009602,-0.009367,0.999910,0.009302,-0.009665,-0.999910,-0.000482,0.000800,-0.067152,-0.008503,-0.004235,0.005463,345.408051,349.870850,-1.000000,0.000000,0.000000
482148816.344263,0.011719,-0.007904,-1.064102,0.009302,0.009665,0.031513,0.999457,0.031596,-0.009302,-0.031507,0.999457,0.009665,0.009602,-0.009367,0.999910,0.009302,-0.009665,-0.999910,-0.000482,0.000800,-0.067152,-0.008503,-0.004235,0.005463,345.408051,349.870850,-1.000000,0.000000,0.000000
482148816.349645,0.007812,-0.010788,-1.062164,0.009302,0.009665,0.031513,0.999457,0.031596,-0.009302,-0.031507,0.999457,0.009665,0.009602,-0.009367,0.999910,0.009302,-0.009665,-0.999910,-0.000482,0.000800,-0.067152,-0.008503,-0.004235,0.005463,345.408051,349.870850,-1.000000,0.000000,0.000000
482148816.362251,0.005768,-0.006805,-1.064117,0.009302,0.009665,0.031513,0.999457,0.031596,-0.009302,-0.031507,0.999457,0.009665,0.009602,-0.009367,0.999910,0.009302,-0.009665,-0.999910,-0.000482,0.000800,-0.067152,-0.008503,-0.004235,0.005463,345.408051,349.870850,-1.000000,0.000000,0.000000
482148816.369821,0.011749,-0.008896,-1.063110,0.009302,0.009665,0.031513,0.999457,0.031596,-0.009302,-0.031507,0.999457,0.009665,0.009602,-0.009367,0.999910,0.009302,-0.009665,-0.999910,-0.000482,0.000800,-0.067152,-0.008503,-0.004235,0.005463,345.408051,349.870850,-1.000000,0.000000,0.000000
482148816.380329,0.007858,-0.011826,-1.065094,0.009302,0.009665,0.031513,0.999457,0.031596,-0.009302,-0.031507,0.999457,0.009665,0.009602,-0.009367,0.999910,0.009302,-0.009665,-0.999910,-0.000482,0.000800,-0.067152,-0.008503,-0.004235,0.005463,345.408051,349.870850,-1.000000,0.000000,0.000000
482148816.396324,0.007858,-0.011826,-1.065094,0.009302,0.009665,0.031513,0.999457,0.031596,-0.009302,-0.031507,0.999457,0.009665,0.009602,-0.009367,0.999910,0.009302,-0.009665,-0.999910,-0.000482,0.000800,-0.067152,-0.008503,-0.004235,0.005463,345.408051,349.870850,-1.000000,0.000000,0.000000
482148816.399041,0.015747,-0.009979,-1.063080,0.009302,0.009665,0.031513,0.999457,0.031596,-0.009302,-0.031507,0.999457,0.009665,0.009602,-0.009367,0.999910,0.009302,-0.009665,-0.999910,-0.000482,0.000800,-0.067152,-0.008503,-0.004235,0.005463,345.408051,349.870850,-1.000000,0.000000,0.000000
482148816.410120,0.008804,-0.009842,-1.064117,0.009302,0.009665,0.031513,0.999457,0.031596,-0.009302,-0.031507,0.999457,0.009665,0.009602,-0.009367,0.999910,0.009302,-0.009665,-0.999910,-0.000482,0.000800,-0.067152,-0.008503,-0.004235,0.005463,345.408051,349.870850,-1.000000,0.000000,0.000000
482148816.419955,0.008835,-0.010818,-1.064117,0.009302,0.009665,0.031513,0.999457,0.031596,-0.009302,-0.031507,0.999457,0.009665,0.009602,-0.009367,0.999910,0.009302,-0.009665,-0.999910,-0.000482,0.000800,-0.067152,-0.008503,-0.004235,0.005463,345.408051,349.870850,-1.000000,0.000000,0.000000
482148816.430062,0.014664,-0.006958,-1.062103,0.009302,0.009665,0.031513,0.999457,0.031596,-0.009302,-0.031507,0.999457,0.009665,0.009602,-0.009367,0.999910,0.009302,-0.009665,-0.999910,-0.000482,0.000800,-0.067152,-0.008503,-0.004235,0.005463,345.408051,349.870850,-1.000000,0.000000,0.000000
482148816.439626,0.005875,-0.011749,-1.062180,0.009302,0.009665,0.031513,0.999457,0.031596,-0.009302,-0.031507,0.999457,0.009665,0.009602,-0.009367,0.999910,0.009302,-0.009665,-0.999910,-0.000482,0.000800,-0.067152,-0.008503,-0.004235,0.005463,345.408051,349.870850,-1.000000,0.000000,0.000000
482148816.449729,0.010696,-0.006866,-1.060165,0.009302,0.009665,0.031513,0.999457,0.031596,-0.009302,-0.031507,0.999457,0.009665,0.009602,-0.009367,0.999910,0.009302,-0.009665,-0.999910,-0.000482,0.000800,-0.067152,-0.008503,-0.004235,0.005463,345.408051,349.870850,-1.000000,0.000000,0.000000
482148816.460073,0.010895,-0.013840,-1.063110,0.009302,0.009665,0.031513,0.999457,0.031596,-0.009302,-0.031507,0.999457,0.009665,0.009602,-0.009367,0.999910,0.009302,-0.009665,-0.999910,-0.000482,0.000800,-0.067152,-0.008503,-0.004235,0.005463,345.408051,349.870850,-1.000000,0.000000,0.000000
482148816.469976,0.006836,-0.009796,-1.064133,0.009302,0.009665,0.031513,0.999457,0.031596,-0.009302,-0.031507,0.999457,0.009665,0.009602,-0.009367,0.999910,0.009302,-0.009665,-0.999910,-0.000482,0.000800,-0.067152,-0.008503,-0.004235,0.005463,345.408051,349.870850,-1.000000,0.000000,0.000000
482148816.481689,0.013702,-0.007935,-1.064087,0.009302,0.009665,0.031513,0.999457,0.031596,-0.009302,-0.031507,0.999457,0.009665,0.009602,-0.009367,0.999910,0.009302,-0.009665,-0.999910,-0.000482,0.000800,-0.067152,-0.008503,-0.004235,0.005463,345.408051,349.870850,-1.000000,0.000000,0.000000
482148816.489734,0.013702,-0.007935,-1.064087,0.009302,0.009665,0.031513,0.999457,0.031596,-0.009302,-0.031507,0.999457,0.009665,0.009602,-0.009367,0.999910,0.009302,-0.009665,-0.999910,-0.000482,0.000800,-0.067152,-0.008503,-0.004235,0.005463,345.408051,349.870850,-1.000000,0.000000,0.000000
482148816.499851,0.010773,-0.010803,-1.056274,0.009302,0.009665,0.031513,0.999457,0.031596,-0.009302,-0.031507,0.999457,0.009665,0.009602,-0.009367,0.999910,0.009302,-0.009665,-0.999910,-0.000482,0.000800,-0.067152,-0.008503,-0.004235,0.005463,345.408051,349.870850,-1.000000,0.000000,0.000000
482148816.510132,0.007843,-0.010818,-1.066071,0.009302,0.009665,0.031513,0.999457,0.031596,-0.009302,-0.031507,0.999457,0.009665,0.009602,-0.009367,0.999910,0.009302,-0.009665,-0.999910,-0.000482,0.000800,-0.067152,-0.008503,-0.004235,0.005463,345.408051,349.870850,-1.000000,0.000000,0.000000
482148816.519959,0.010788,-0.008881,-1.065079,0.009302,0.009665,0.031513,0.999457,0.031596,-0.009302,-0.031507,0.999457,0.009665,0.009602,-0.009367,0.999910,0.009302,-0.009665,-0.999910,-0.000482,0.000800,-0.067152,-0.008503,-0.004235,0.005463,345.408051,349.870850,-1.000000,0.000000,0.000000
482148816.530054,0.007812,-0.009842,-1.065094,0.009302,0.009665,0.031513,0.999457,0.031596,-0.009302,-0.031507,0.999457,0.009665,0.009602,-0.009367,0.999910,0.009302,-0.009665,-0.999910,-0.000482,0.000800,-0.067152,-0.008503,-0.004235,0.005463,345.408051,349.870850,-1.000000,0.000000,0.000000
482148816.540222,0.010773,-0.009857,-1.062149,0.009302,0.009665,0.031513,0.999457,0.031596,-0.009302,-0.031507,0.999457,0.009665,0.009602,-0.009367,0.999910,0.009302,-0.009665,-0.999910,-0.000482,0.000800,-0.067152,-0.008503,-0.004235,0.005463,345.408051,349.870850,-1.000000,0.000000,0.000000
482148816.549768,0.009796,-0.010818,-1.061172,0.009302,0.009665,0.031513,0.999457,0.031596,-0.009302,-0.031507,0.999457,0.009665,0.009602,-0.009367,0.999910,0.009302,-0.009665,-0.999910,-0.000482,0.000800,-0.067152,-0.008503,-0.004235,0.005463,345.408051,349.870850,-1.000000,0.000000,0.000000
482148816.560453,0.008835,-0.010818,-1.064117,0.009302,0.009665,0.031513,0.999457,0.031596,-0.009302,-0.031507,0.999457,0.009665,0.009602,-0.009367,0.999910,0.009302,-0.009665,-0.999910,-0.000482,0.000800,-0.067152,-0.008503,-0.004235,0.005463,345.408051,349.870850,-1.000000,0.000000,0.000000
482148816.570059,0.013672,-0.006958,-1.064072,0.009302,0.009665,0.031513,0.999457,0.031596,-0.009302,-0.031507,0.999457,0.009665,0.009602,-0.009367,0.999910,0.009302,-0.009665,-0.999910,-0.000482,0.000800,-0.067152,-0.008503,-0.004235,0.005463,345.408051,349.870850,-1.000000,0.000000,0.000000
482148816.579976,0.010681,-0.005875,-1.060165,0.009302,0.009665,0.031513,0.999457,0.031596,-0.009302,-0.031507,0.999457,0.009665,0.009602,-0.009367,0.999910,0.009302,-0.009665,-0.999910,-0.000482,0.000800,-0.067152,-0.008503,-0.004235,0.005463,345.408051,349.870850,-1.000000,0.000000,0.000000
482148816.590233,0.010681,-0.005875,-1.060165,0.009302,0.009665,0.031513,0.999457,0.031596,-0.009302,-0.031507,0.999457,0.009665,0.009602,-0.009367,0.999910,0.009302,-0.009665,-0.999910,-0.000482,0.000800,-0.067152,-0.008503,-0.004235,0.005463,345.408051,349.870850,-1.000000,0.000000,0.000000
482148816.599993,0.009750,-0.008835,-1.062164,0.009302,0.009665,0.031513,0.999457,0.031596,-0.009302,-0.031507,0.999457,0.009665,0.009602,-0.009367,0.999910,0.009302,-0.009665,-0.999910,-0.000482,0.000800,-0.067152,-0.008503,-0.004235,0.005463,345.408051,349.870850,-1.000000,0.000000,0.000000
482148816.609881,0.012726,-0.007919,-1.064087,0.009302,0.009665,0.031513,0.999457,0.031596,-0.009302,-0.031507,0.999457,0.009665,0.009602,-0.009367,0.999910,0.009302,-0.009665,-0.999910,-0.000482,0.000800,-0.067152,-0.008503,-0.004235,0.005463,345.408051,349.870850,-1.000000,0.000000,0.000000
482148816.619760,0.005844,-0.009781,-1.064133,0.009302,0.009665,0.031513,0.999457,0.031596,-0.009302,-0.031507,0.999457,0.009665,0.009602,-0.009367,0.999910,0.009302,-0.009665,-0.999910,-0.000482,0.000800,-0.067152,-0.008503,-0.004235,0.005463,345.408051,349.870850,-1.000000,0.000000,0.000000
482148816.630227,0.010788,-0.008881,-1.066055,0.009302,0.009665,0.031513,0.999457,0.031596,-0.009302,-0.031507,0.999457,0.009665,0.009602,-0.009367,0.999910,0.009302,-0.009665,-0.999910,-0.000482,0.000800,-0.067152,-0.008503,-0.004235,0.005463,345.408051,349.870850,-1.000000,0.000000,0.000000
482148816.640052,0.009766,-0.009842,-1.062164,0.009302,0.009665,0.031513,0.999457,0.031596,-0.009302,-0.031507,0.999457,0.009665,0.009602,-0.009367,0.999910,0.009302,-0.009665,-0.999910,-0.000482,0.000800,-0.067152,-0.008503,-0.004235,0.005463,345.408051,349.870850,-1.000000,0.000000,0.000000
482148816.650034,0.010788,-0.009872,-1.064102,0.009302,0.009665,0.031513,0.999457,0.031596,-0.009302,-0.031507,0.999457,0.009665,0.009602,-0.009367,0.999910,0.009302,-0.009665,-0.999910,-0.000482,0.000800,-0.067152,-0.008503,-0.004235,0.005463,345.408051,349.870850,-1.000000,0.000000,0.000000
482148816.660132,0.009888,-0.013824,-1.064117,0.009302,0.009665,0.031513,0.999457,0.031596,-0.009302,-0.031507,0.999457,0.009665,0.009602,-0.009367,0.999910,0.009302,-0.009665,-0.999910,-0.000482,0.000800,-0.067152,-0.008503,-0.004235,0.005463,345.408051,349.870850,-1.000000,0.000000,0.000000
482148816.670048,0.013779,-0.011902,-1.062134,0.009302,0.009665,0.031513,0.999457,0.031596,-0.009302,-0.031507,0.999457,0.009665,0.009602,-0.009367,0.999910,0.009302,-0.009665,-0.999910,-0.000482,0.000800,-0.067152,-0.008503,-0.004235,0.005463,345.408051,349.870850,-1.000000,0.000000,0.000000
482148816.680371,0.008926,-0.013824,-1.065094,0.009302,0.009665,0.031513,0.999457,0.031596,-0.009302,-0.031507,0.999457,0.009665,0.009602,-0.009367,0.999910,0.009302,-0.009665,-0.999910,-0.000482,0.000800,-0.067152,-0.008503,-0.004235,0.005463,345.408051,349.870850,-1.000000,0.000000,0.000000
482148816.692961,0.012802,-0.010895,-1.064087,0.010895,0.010620,-0.000107,0.999941,0.000008,-0.010894,0.000107,0.999944,0.010620,0.010894,-0.010620,0.999884,0.010894,-0.010620,-0.999884,-0.001007,-0.003205,-0.064233,0.009855,-0.003088,-0.001894,345.408051,349.870850,-1.000000,0.000000,0.000000
482148816.699800,0.012802,-0.010895,-1.064087,0.010895,0.010620,-0.000107,0.999941,0.000008,-0.010894,0.000107,0.999944,0.010620,0.010894,-0.010620,0.999884,0.010894,-0.010620,-0.999884,-0.001007,-0.003205,-0.064233,0.009855,-0.003088,-0.001894,345.408051,349.870850,-1.000000,0.000000,0.000000
482148816.709875,0.008713,-0.006851,-1.061157,0.011097,0.010747,-0.000045,0.999938,0.000074,-0.011096,0.000045,0.999942,0.010747,0.011097,-0.010747,0.999881,0.011096,-0.010747,-0.999881,0.002682,-0.001155,-0.062253,0.002420,-0.001892,0.009153,345.408051,349.870850,-1.000000,0.000000,0.000000
482148816.719928,0.010773,-0.008865,-1.064102,0.010957,0.010917,-0.000087,0.999940,0.000032,-0.010956,0.000087,0.999940,0.010917,0.010956,-0.010917,0.999880,0.010956,-0.010917,-0.999880,0.001846,0.000022,-0.064207,0.003707,0.002600,-0.006837,345.408051,349.870850,-1.000000,0.000000,0.000000
482148816.730093,0.007828,-0.010803,-1.063126,0.010957,0.010917,-0.000087,0.999940,0.000032,-0.010956,0.000087,0.999940,0.010917,0.010956,-0.010917,0.999880,0.010956,-0.010917,-0.999880,0.001846,0.000022,-0.064207,0.003707,0.002600,-0.006837,345.408051,349.870850,-1.000000,0.000000,0.000000
482148816.740319,0.009750,-0.008835,-1.061172,0.010707,0.010618,-0.000134,0.999943,-0.000020,-0.010706,0.000134,0.999944,0.010618,0.010706,-0.010619,0.999886,0.010706,-0.010618,-0.999886,-0.001994,0.003767,-0.061271,0.007394,-0.006593,-0.004373,345.408051,349.870850,-1.000000,0.000000,0.000000
482148816.749878,0.009735,-0.007858,-1.063126,0.010488,0.010503,-0.000157,0.999945,-0.000047,-0.010487,0.000157,0.999945,0.010503,0.010486,-0.010504,0.999890,0.010487,-0.010503,-0.999890,-0.002659,-0.000300,-0.063236,0.002457,-0.000846,-0.003156,345.408051,349.870850,-1.000000,0.000000,0.000000
482148816.760176,0.010910,-0.013855,-1.066055,0.010488,0.010503,-0.000157,0.999945,-0.000047,-0.010487,0.000157,0.999945,0.010503,0.010486,-0.010504,0.999890,0.010487,-0.010503,-0.999890,-0.002659,-0.000300,-0.063236,0.002457,-0.000846,-0.003156,345.408051,349.870850,-1.000000,0.000000,0.000000
482148816.769959,0.008789,-0.009811,-1.060196,0.010407,0.010436,-0.000146,0.999946,-0.000037,-0.010406,0.000146,0.999946,0.010436,0.010405,-0.010437,0.999891,0.010406,-0.010436,-0.999891,-0.000656,0.001601,-0.061281,0.007372,0.001540,0.001795,345.408051,349.870850,-1.000000,0.000000,0.000000
482148816.780050,0.012756,-0.008911,-1.063095,0.010382,0.010396,-0.000153,0.999946,-0.000045,-0.010381,0.000153,0.999946,0.010396,0.010380,-0.010397,0.999892,0.010381,-0.010396,-0.999892,-0.000646,0.002538,-0.063234,0.013561,0.002674,-0.005561,345.408051,349.870850,-1.000000,0.000000,0.000000
482148816.790768,0.009720,-0.007843,-1.062164,0.010382,0.010396,-0.000153,0.999946,-0.000045,-0.010381,0.000153,0.999946,0.010396,0.010380,-0.010397,0.999892,0.010381,-0.010396,-0.999892,-0.000646,0.002538,-0.063234,0.013561,0.002674,-0.005561,345.408051,349.870850,-1.000000,0.000000,0.000000
482148816.799592,0.009720,-0.007843,-1.062164,0.010382,0.010578,-0.000154,0.999946,-0.000044,-0.010381,0.000154,0.999944,0.010578,0.010380,-0.010579,0.999890,0.010381,-0.010578,-0.999890,0.000529,-0.003277,-0.066165,0.003685,0.002635,-0.001913,345.408051,349.870850,-1.000000,0.000000,0.000000
482148816.810119,0.014725,-0.008926,-1.062119,0.010315,0.010574,-0.000151,0.999947,-0.000042,-0.010315,0.000151,0.999944,0.010573,0.010314,-0.010574,0.999891,0.010315,-0.010573,-0.999891,0.002442,0.001662,-0.063204,0.011056,-0.003023,0.005497,345.408051,349.870850,-1.000000,0.000000,0.000000
482148816.823698,0.010757,-0.008835,-1.060181,0.010259,0.010394,-0.000127,0.999947,-0.000020,-0.010258,0.000127,0.999946,0.010394,0.010258,-0.010394,0.999893,0.010258,-0.010394,-0.999893,-0.000538,0.002551,-0.062271,-0.003731,0.000292,0.000511,345.408051,349.870850,-1.000000,0.000000,0.000000
482148816.829579,0.010757,-0.008835,-1.060181,0.010259,0.010394,-0.000127,0.999947,-0.000020,-0.010258,0.000127,0.999946,0.010394,0.010258,-0.010394,0.999893,0.010258,-0.010394,-0.999893,-0.000538,0.002551,-0.062271,-0.003731,0.000292,0.000511,345.408051,349.870850,-1.000000,0.000000,0.000000
482148816.840110,0.009689,-0.005890,-1.064102,0.010194,0.010305,-0.000153,0.999948,-0.000048,-0.010193,0.000153,0.999947,0.010305,0.010192,-0.010306,0.999895,0.010193,-0.010305,-0.999895,-0.003372,0.001516,-0.063246,0.003690,-0.004348,-0.008079,345.408051,349.870850,-1.000000,0.000000,0.000000
482148816.851562,0.011795,-0.011871,-1.061157,0.010215,0.010443,-0.000191,0.999948,-0.000084,-0.010214,0.000191,0.999945,0.010442,0.010212,-0.010444,0.999893,0.010214,-0.010442,-0.999893,-0.003393,0.001653,-0.063248,0.014771,0.000402,-0.001867,345.408051,349.870850,-1.000000,0.000000,0.000000
482148816.859839,0.005798,-0.007782,-1.063141,0.010215,0.010443,-0.000191,0.999948,-0.000084,-0.010214,0.000191,0.999945,0.010442,0.010212,-0.010444,0.999893,0.010214,-0.010442,-0.999893,-0.003393,0.001653,-0.063248,0.014771,0.000402,-0.001867,345.408051,349.870850,-1.000000,0.000000,0.000000
482148816.870004,0.010788,-0.009872,-1.063110,0.010197,0.010107,-0.000192,0.999948,-0.000089,-0.010196,0.000192,0.999949,0.010107,0.010194,-0.010109,0.999897,0.010196,-0.010107,-0.999897,-0.000506,0.004217,-0.064205,-0.007431,0.000222,-0.004430,345.408051,349.870850,-1.000000,0.000000,0.000000
482148816.881072,0.006805,-0.008759,-1.060211,0.010199,0.010146,-0.000217,0.999948,-0.000113,-0.010198,0.000217,0.999949,0.010146,0.010196,-0.010148,0.999897,0.010198,-0.010146,-0.999897,0.001597,-0.001726,-0.061261,0.001190,-0.005458,-0.000707,345.408051,349.870850,-1.000000,0.000000,0.000000
482148816.890926,0.012680,-0.006927,-1.062119,0.010199,0.010146,-0.000217,0.999948,-0.000113,-0.010198,0.000217,0.999949,0.010146,0.010196,-0.010148,0.999897,0.010198,-0.010146,-0.999897,0.001597,-0.001726,-0.061261,0.001190,-0.005458,-0.000707,345.408051,349.870850,-1.000000,0.000000,0.000000
482148816.900822,0.009842,-0.012802,-1.060196,0.010034,0.010170,-0.000200,0.999950,-0.000098,-0.010033,0.000200,0.999948,0.010169,0.010032,-0.010171,0.999898,0.010033,-0.010169,-0.999898,0.000755,0.000297,-0.063212,0.014748,-0.000739,0.000593,345.408051,349.870850,-1.000000,0.000000,0.000000
482148816.909963,0.009842,-0.012802,-1.060196,0.009899,0.010155,-0.000181,0.999951,-0.000081,-0.009898,0.000181,0.999948,0.010154,0.009897,-0.010156,0.999899,0.009898,-0.010154,-0.999899,-0.003093,0.001396,-0.060312,0.003629,0.001527,0.005471,345.408051,349.870850,-1.000000,0.000000,0.000000
482148816.920154,0.011703,-0.007889,-1.061157,0.009899,0.010155,-0.000181,0.999951,-0.000081,-0.009898,0.000181,0.999948,0.010154,0.009897,-0.010156,0.999899,0.009898,-0.010154,-0.999899,-0.003093,0.001396,-0.060312,0.003629,0.001527,0.005471,345.408051,349.870850,-1.000000,0.000000,0.000000
482148816.930038,0.011719,-0.006958,-1.067032,0.009959,0.010138,-0.000203,0.999950,-0.000102,-0.009958,0.000203,0.999949,0.010138,0.009956,-0.010139,0.999899,0.009958,-0.010138,-0.999899,0.002722,0.003210,-0.062220,0.009813,0.000356,-0.001890,345.408051,349.870850,-1.000000,0.000000,0.000000
482148816.947960,0.006851,-0.011749,-1.059235,0.009915,0.010214,-0.000173,0.999951,-0.000072,-0.009914,0.000173,0.999948,0.010214,0.009913,-0.010215,0.999899,0.009914,-0.010214,-0.999899,-0.000072,-0.002588,-0.060297,-0.000079,-0.003106,0.006677,345.408051,349.870850,-1.000000,0.000000,0.000000
482148816.960112,0.011780,-0.008926,-1.068024,0.009885,0.010075,-0.000105,0.999951,-0.000005,-0.009884,0.000105,0.999949,0.010075,0.009884,-0.010076,0.999900,0.009884,-0.010075,-0.999900,0.001834,0.003117,-0.067131,0.013474,-0.006470,0.006734,345.408051,349.870850,-1.000000,0.000000,0.000000
482148816.970035,0.006653,-0.001862,-1.064117,0.009723,0.010180,-0.000057,0.999953,0.000042,-0.009722,0.000057,0.999948,0.010180,0.009722,-0.010180,0.999901,0.009722,-0.010180,-0.999901,-0.002871,-0.001569,-0.059334,0.007314,-0.003067,0.005480,345.408051,349.870850,-1.000000,0.000000,0.000000
482148816.979910,0.011734,-0.008881,-1.062149,0.009723,0.010180,-0.000057,0.999953,0.000042,-0.009722,0.000057,0.999948,0.010180,0.009722,-0.010180,0.999901,0.009722,-0.010180,-0.999901,-0.002871,-0.001569,-0.059334,0.007314,-0.003067,0.005480,345.408051,349.870850,-1.000000,0.000000,0.000000
482148816.990853,0.011734,-0.008881,-1.062149,0.009747,0.010065,-0.000011,0.999952,0.000088,-0.009746,0.000011,0.999949,0.010065,0.009747,-0.010065,0.999902,0.009746,-0.010065,-0.999902,0.002033,0.001139,-0.068122,-0.001310,0.003758,0.000527,345.408051,349.870850,-1.000000,0.000000,0.000000
482148817.001576,0.009781,-0.011795,-1.057251,0.009655,0.009783,0.000032,0.999953,0.000126,-0.009655,-0.000032,0.999952,0.009783,0.009656,-0.009782,0.999906,0.009655,-0.009783,-0.999906,-0.003002,0.007921,-0.064212,-0.005029,0.001414,0.000507,345.408051,349.870850,-1.000000,0.000000,0.000000
482148817.012947,0.005859,-0.010727,-1.060211,0.009655,0.009783,0.000032,0.999953,0.000126,-0.009655,-0.000032,0.999952,0.009783,0.009656,-0.009782,0.999906,0.009655,-0.009783,-0.999906,-0.003002,0.007921,-0.064212,-0.005029,0.001414,0.000507,345.408051,349.870850,-1.000000,0.000000,0.000000
482148817.019706,0.006821,-0.009766,-1.060211,0.009638,0.009766,-0.000037,0.999954,0.000058,-0.009637,0.000037,0.999952,0.009766,0.009637,-0.009766,0.999906,0.009637,-0.009766,-0.999906,0.002097,0.000885,-0.062243,0.004811,-0.007698,0.006692,345.408051,349.870850,-1.000000,0.000000,0.000000
482148817.029427,0.003937,-0.012726,-1.064148,0.009634,0.009838,-0.000013,0.999954,0.000081,-0.009634,0.000013,0.999952,0.009838,0.009634,-0.009838,0.999905,0.009634,-0.009838,-0.999905,0.000147,-0.001957,-0.057346,0.001133,0.003781,0.001769,345.408051,349.870850,-1.000000,0.000000,0.000000
482148817.040912,0.008804,-0.008850,-1.065094,0.009419,0.009821,0.000083,0.999956,0.000175,-0.009419,-0.000083,0.999952,0.009821,0.009420,-0.009819,0.999907,0.009419,-0.009821,-0.999907,-0.002598,0.000055,-0.060304,-0.000106,-0.002010,0.002985,345.408051,349.870850,-1.000000,0.000000,0.000000
482148817.050030,0.007767,-0.008789,-1.060196,0.009419,0.009821,0.000083,0.999956,0.000175,-0.009419,-0.000083,0.999952,0.009821,0.009420,-0.009819,0.999907,0.009419,-0.009821,-0.999907,-0.002598,0.000055,-0.060304,-0.000106,-0.002010,0.002985,345.408051,349.870850,-1.000000,0.000000,0.000000
482148817.059951,0.008698,-0.005859,-1.062149,0.009266,0.009883,0.000143,0.999957,0.000235,-0.009265,-0.000143,0.999951,0.009883,0.009267,-0.009881,0.999908,0.009265,-0.009883,-0.999908,-0.005328,-0.002843,-0.064240,-0.000111,0.002625,0.006686,345.408051,349.870850,-1.000000,0.000000,0.000000
482148817.070872,0.011765,-0.009903,-1.064102,0.009231,0.009821,0.000232,0.999957,0.000323,-0.009230,-0.000232,0.999952,0.009821,0.009233,-0.009819,0.999909,0.009230,-0.009821,-0.999909,-0.001463,0.001032,-0.060287,0.001137,0.002563,-0.000694,345.408051,349.870850,-1.000000,0.000000,0.000000
482148817.081246,0.007782,-0.008820,-1.063126,0.009231,0.009821,0.000232,0.999957,0.000323,-0.009230,-0.000232,0.999952,0.009821,0.009233,-0.009819,0.999909,0.009230,-0.009821,-0.999909,-0.001463,0.001032,-0.060287,0.001137,0.002563,-0.000694,345.408051,349.870850,-1.000000,0.000000,0.000000
482148817.089610,0.007767,-0.008804,-1.062164,0.009215,0.009707,0.000244,0.999958,0.000333,-0.009214,-0.000244,0.999953,0.009707,0.009217,-0.009704,0.999910,0.009214,-0.009707,-0.999910,-0.000517,0.003847,-0.062239,0.001124,-0.003214,-0.000704,345.408051,349.870850,-1.000000,0.000000,0.000000
482148817.100218,0.011749,-0.009872,-1.060181,0.009371,0.009687,0.000206,0.999956,0.000297,-0.009371,-0.000206,0.999953,0.009687,0.009373,-0.009685,0.999909,0.009371,-0.009687,-0.999909,0.002394,-0.000216,-0.064193,-0.000091,0.010597,-0.005612,345.408051,349.870850,-1.000000,0.000000,0.000000
482148817.109984,0.011749,-0.009872,-1.060181,0.009371,0.009687,0.000206,0.999956,0.000297,-0.009371,-0.000206,0.999953,0.009687,0.009373,-0.009685,0.999909,0.009371,-0.009687,-0.999909,0.002394,-0.000216,-0.064193,-0.000091,0.010597,-0.005612,345.408051,349.870850,-1.000000,0.000000,0.000000
482148817.119461,0.008835,-0.010818,-1.064117,0.009318,0.009660,0.000170,0.999957,0.000260,-0.009317,-0.000170,0.999953,0.009660,0.009319,-0.009658,0.999910,0.009317,-0.009660,-0.999910,-0.001535,0.000840,-0.063216,0.002364,-0.000928,-0.004388,345.408051,349.870850,-1.000000,0.000000,0.000000
482148817.130431,0.008698,-0.005844,-1.060181,0.009412,0.009612,0.000180,0.999956,0.000270,-0.009411,-0.000180,0.999954,0.009612,0.009413,-0.009610,0.999910,0.009411,-0.009612,-0.999910,0.002338,-0.000260,-0.060271,-0.003825,0.009473,0.001756,345.408051,349.870850,-1.000000,0.000000,0.000000
482148817.139734,0.009903,-0.014816,-1.064117,0.009412,0.009612,0.000180,0.999956,0.000270,-0.009411,-0.000180,0.999954,0.009612,0.009413,-0.009610,0.999910,0.009411,-0.009612,-0.999910,0.002338,-0.000260,-0.060271,-0.003825,0.009473,0.001756,345.408051,349.870850,-1.000000,0.000000,0.000000
482148817.149750,0.010727,-0.006912,-1.066040,0.009406,0.009590,0.000168,0.999956,0.000258,-0.009406,-0.000168,0.999954,0.009590,0.009408,-0.009588,0.999910,0.009406,-0.009590,-0.999910,-0.000571,-0.001229,-0.064208,-0.003813,0.001354,-0.001950,345.408051,349.870850,-1.000000,0.000000,0.000000
482148817.160068,0.008896,-0.013794,-1.062164,0.009361,0.009416,0.000101,0.999956,0.000189,-0.009361,-0.000101,0.999956,0.009416,0.009362,-0.009414,0.999912,0.009361,-0.009416,-0.999912,-0.000663,0.003572,-0.060269,-0.005069,-0.006721,0.000494,345.408051,349.870850,-1.000000,0.000000,0.000000
482148817.171668,0.007782,-0.009811,-1.062164,0.009385,0.009544,0.000088,0.999956,0.000177,-0.009384,-0.000088,0.999954,0.009544,0.009386,-0.009543,0.999910,0.009384,-0.009544,-0.999910,0.000519,-0.005272,-0.064207,0.003577,0.003744,0.001781,345.408051,349.870850,-1.000000,0.000000,0.000000
482148817.179817,0.005875,-0.010757,-1.064133,0.009385,0.009544,0.000088,0.999956,0.000177,-0.009384,-0.000088,0.999954,0.009544,0.009386,-0.009543,0.999910,0.009384,-0.009544,-0.999910,0.000519,-0.005272,-0.064207,0.003577,0.003744,0.001781,345.408051,349.870850,-1.000000,0.000000,0.000000
482148817.190237,0.016708,-0.008957,-1.060135,0.009431,0.009618,0.000092,0.999956,0.000183,-0.009430,-0.000092,0.999954,0.009618,0.009431,-0.009617,0.999909,0.009430,-0.009618,-0.999909,-0.000534,-0.004176,-0.062255,0.007266,-0.000819,0.005483,345.408051,349.870850,-1.000000,0.000000,0.000000
482148817.199223,0.016708,-0.008957,-1.060135,0.009431,0.009618,0.000092,0.999956,0.000183,-0.009430,-0.000092,0.999954,0.009618,0.009431,-0.009617,0.999909,0.009430,-0.009618,-0.999909,-0.000534,-0.004176,-0.062255,0.007266,-0.000819,0.005483,345.408051,349.870850,-1.000000,0.000000,0.000000
482148817.212449,0.010818,-0.009903,-1.067047,0.009363,0.009631,0.000068,0.999956,0.000158,-0.009363,-0.000068,0.999954,0.009631,0.009364,-0.009630,0.999910,0.009363,-0.009631,-0.999910,-0.001581,-0.000180,-0.062255,-0.000115,0.000224,-0.000704,345.408051,349.870850,-1.000000,0.000000,0.000000
482148817.219570,0.014877,-0.014908,-1.063080,0.009449,0.009659,0.000119,0.999955,0.000210,-0.009448,-0.000119,0.999953,0.009659,0.009450,-0.009657,0.999909,0.009448,-0.009659,-0.999909,0.007260,0.000702,-0.060226,0.003570,-0.002019,0.003002,345.408051,349.870850,-1.000000,0.000000,0.000000
482148817.230578,0.007736,-0.007812,-1.062164,0.009441,0.009631,0.000160,0.999955,0.000251,-0.009440,-0.000160,0.999954,0.009631,0.009442,-0.009629,0.999909,0.009440,-0.009631,-0.999909,0.001378,-0.000272,-0.067138,-0.002606,0.000270,0.005440,345.408051,349.870850,-1.000000,0.000000,0.000000
482148817.240031,0.009659,-0.005859,-1.059204,0.009441,0.009631,0.000160,0.999955,0.000251,-0.009440,-0.000160,0.999954,0.009631,0.009442,-0.009629,0.999909,0.009440,-0.009631,-0.999909,0.001378,-0.000272,-0.067138,-0.002606,0.000270,0.005440,345.408051,349.870850,-1.000000,0.000000,0.000000
482148817.249975,0.012772,-0.009918,-1.064087,0.009513,0.009737,0.000151,0.999955,0.000244,-0.009512,-0.000151,0.999953,0.009737,0.009514,-0.009735,0.999907,0.009512,-0.009737,-0.999907,0.005365,-0.005171,-0.063172,0.002366,-0.005514,-0.001933,345.408051,349.870850,-1.000000,0.000000,0.000000
482148817.260311,0.012787,-0.009933,-1.065063,0.009433,0.009684,0.000139,0.999955,0.000230,-0.009432,-0.000139,0.999953,0.009684,0.009434,-0.009682,0.999909,0.009432,-0.009684,-0.999909,-0.001696,0.001871,-0.062256,-0.002579,-0.003238,-0.000721,345.408051,349.870850,-1.000000,0.000000,0.000000
482148817.270170,0.010666,-0.003937,-1.065063,0.009433,0.009684,0.000139,0.999955,0.000230,-0.009432,-0.000139,0.999953,0.009684,0.009434,-0.009682,0.999909,0.009432,-0.009684,-0.999909,-0.001696,0.001871,-0.062256,-0.002579,-0.003238,-0.000721,345.408051,349.870850,-1.000000,0.000000,0.000000
482148817.279746,0.011826,-0.011902,-1.066055,0.009530,0.009604,0.000154,0.999955,0.000246,-0.009530,-0.000154,0.999954,0.009604,0.009532,-0.009602,0.999908,0.009530,-0.009604,-0.999908,0.003242,-0.000314,-0.064178,-0.003840,0.002567,0.002975,345.408051,349.870850,-1.000000,0.000000,0.000000
