Timestamp,Accel_X,Accel_Y,Accel_Z,Roll,Pitch,Yaw,RM11,RM12,RM13,RM21,RM22,RM23,RM31,RM32,RM33,GravAcc_X,GravAcc_Y,GravAcc_Z,UserAcc_X,UserAcc_Y,UserAcc_Z,RotRate_X,RotRate_Y,RotRate_Z,MagHeading,TrueHeading,HeadingAccuracy,Course,Speed
482149491.783409,0.011749,-0.009888,-1.062149,0.009438,0.008982,0.005507,0.999940,0.005591,-0.009437,-0.005507,0.999945,0.008982,0.009487,-0.008930,0.999915,0.009437,-0.008982,-0.999915,0.002342,-0.001867,-0.060266,-0.002358,0.000143,0.000885,346.236328,350.699127,-1.000000,0.000000,0.000000
482149491.817309,0.011749,-0.009888,-1.062149,0.009438,0.008982,0.005507,0.999940,0.005591,-0.009437,-0.005507,0.999945,0.008982,0.009487,-0.008930,0.999915,0.009437,-0.008982,-0.999915,0.002342,-0.001867,-0.060266,-0.002358,0.000143,0.000885,346.236328,350.699127,-1.000000,0.000000,0.000000
482149491.822291,-0.023560,-0.016327,-1.087875,0.009438,0.008982,0.005507,0.999940,0.005591,-0.009437,-0.005507,0.999945,0.008982,0.009487,-0.008930,0.999915,0.009437,-0.008982,-0.999915,0.002342,-0.001867,-0.060266,-0.002358,0.000143,0.000885,346.236328,350.699127,-1.000000,0.000000,0.000000
482149491.833175,-0.076370,-0.017044,-1.050034,0.009438,0.008982,0.005507,0.999940,0.005591,-0.009437,-0.005507,0.999945,0.008982,0.009487,-0.008930,0.999915,0.009437,-0.008982,-0.999915,0.002342,-0.001867,-0.060266,-0.002358,0.000143,0.000885,346.236328,350.699127,-1.000000,0.000000,0.000000
482149491.842792,-0.200409,-0.006790,-1.067581,0.009438,0.008982,0.005507,0.999940,0.005591,-0.009437,-0.005507,0.999945,0.008982,0.009487,-0.008930,0.999915,0.009437,-0.008982,-0.999915,0.002342,-0.001867,-0.060266,-0.002358,0.000143,0.000885,346.236328,350.699127,-1.000000,0.000000,0.000000
482149491.852876,-0.047943,-0.004654,-1.045898,0.009438,0.008982,0.005507,0.999940,0.005591,-0.009437,-0.005507,0.999945,0.008982,0.009487,-0.008930,0.999915,0.009437,-0.008982,-0.999915,0.002342,-0.001867,-0.060266,-0.002358,0.000143,0.000885,346.236328,350.699127,-1.000000,0.000000,0.000000
482149491.862827,-0.042908,0.000015,-1.072311,0.009438,0.008982,0.005507,0.999940,0.005591,-0.009437,-0.005507,0.999945,0.008982,0.009487,-0.008930,0.999915,0.009437,-0.008982,-0.999915,0.002342,-0.001867,-0.060266,-0.002358,0.000143,0.000885,346.236328,350.699127,-1.000000,0.000000,0.000000
482149491.872800,0.047516,-0.017410,-1.046204,0.009438,0.008982,0.005507,0.999940,0.005591,-0.009437,-0.005507,0.999945,0.008982,0.009487,-0.008930,0.999915,0.009437,-0.008982,-0.999915,0.002342,-0.001867,-0.060266,-0.002358,0.000143,0.000885,346.236328,350.699127,-1.000000,0.000000,0.000000
482149491.882486,0.084335,-0.007584,-1.098831,0.009438,0.008982,0.005507,0.999940,0.005591,-0.009437,-0.005507,0.999945,0.008982,0.009487,-0.008930,0.999915,0.009437,-0.008982,-0.999915,0.002342,-0.001867,-0.060266,-0.002358,0.000143,0.000885,346.236328,350.699127,-1.000000,0.000000,0.000000
482149491.894684,0.158539,-0.016571,-1.044418,0.009438,0.008982,0.005507,0.999940,0.005591,-0.009437,-0.005507,0.999945,0.008982,0.009487,-0.008930,0.999915,0.009437,-0.008982,-0.999915,0.002342,-0.001867,-0.060266,-0.002358,0.000143,0.000885,346.236328,350.699127,-1.000000,0.000000,0.000000
482149491.902659,0.158539,-0.016571,-1.044418,0.009438,0.008982,0.005507,0.999940,0.005591,-0.009437,-0.005507,0.999945,0.008982,0.009487,-0.008930,0.999915,0.009437,-0.008982,-0.999915,0.002342,-0.001867,-0.060266,-0.002358,0.000143,0.000885,346.236328,350.699127,-1.000000,0.000000,0.000000
482149491.912839,0.038361,-0.003448,-1.060944,0.009438,0.008982,0.005507,0.999940,0.005591,-0.009437,-0.005507,0.999945,0.008982,0.009487,-0.008930,0.999915,0.009437,-0.008982,-0.999915,0.002342,-0.001867,-0.060266,-0.002358,0.000143,0.000885,346.236328,350.699127,-1.000000,0.000000,0.000000
482149491.922940,0.053314,-0.006714,-1.061829,0.009438,0.008982,0.005507,0.999940,0.005591,-0.009437,-0.005507,0.999945,0.008982,0.009487,-0.008930,0.999915,0.009437,-0.008982,-0.999915,0.002342,-0.001867,-0.060266,-0.002358,0.000143,0.000885,346.236328,350.699127,-1.000000,0.000000,0.000000
482149491.934131,0.133667,-0.009262,-1.061249,0.009438,0.008982,0.005507,0.999940,0.005591,-0.009437,-0.005507,0.999945,0.008982,0.009487,-0.008930,0.999915,0.009437,-0.008982,-0.999915,0.002342,-0.001867,-0.060266,-0.002358,0.000143,0.000885,346.236328,350.699127,-1.000000,0.000000,0.000000
482149491.942598,0.052277,-0.003769,-1.067703,0.009438,0.008982,0.005507,0.999940,0.005591,-0.009437,-0.005507,0.999945,0.008982,0.009487,-0.008930,0.999915,0.009437,-0.008982,-0.999915,0.002342,-0.001867,-0.060266,-0.002358,0.000143,0.000885,346.236328,350.699127,-1.000000,0.000000,0.000000
482149491.955495,-0.000092,-0.006775,-1.074951,0.009438,0.008982,0.005507,0.999940,0.005591,-0.009437,-0.005507,0.999945,0.008982,0.009487,-0.008930,0.999915,0.009437,-0.008982,-0.999915,0.002342,-0.001867,-0.060266,-0.002358,0.000143,0.000885,346.236328,350.699127,-1.000000,0.000000,0.000000
482149491.972757,-0.161362,-0.019562,-1.077103,0.009438,0.008982,0.005507,0.999940,0.005591,-0.009437,-0.005507,0.999945,0.008982,0.009487,-0.008930,0.999915,0.009437,-0.008982,-0.999915,0.002342,-0.001867,-0.060266,-0.002358,0.000143,0.000885,346.236328,350.699127,-1.000000,0.000000,0.000000
482149491.982544,-0.107437,-0.002548,-1.054169,0.009438,0.008982,0.005507,0.999940,0.005591,-0.009437,-0.005507,0.999945,0.008982,0.009487,-0.008930,0.999915,0.009437,-0.008982,-0.999915,0.002342,-0.001867,-0.060266,-0.002358,0.000143,0.000885,346.236328,350.699127,-1.000000,0.000000,0.000000
482149491.993999,-0.076340,-0.010269,-1.077469,0.009438,0.008982,0.005507,0.999940,0.005591,-0.009437,-0.005507,0.999945,0.008982,0.009487,-0.008930,0.999915,0.009437,-0.008982,-0.999915,0.002342,-0.001867,-0.060266,-0.002358,0.000143,0.000885,346.236328,350.699127,-1.000000,0.000000,0.000000
482149492.002686,0.019608,-0.007996,-1.054245,0.009438,0.008982,0.005507,0.999940,0.005591,-0.009437,-0.005507,0.999945,0.008982,0.009487,-0.008930,0.999915,0.009437,-0.008982,-0.999915,0.002342,-0.001867,-0.060266,-0.002358,0.000143,0.000885,346.236328,350.699127,-1.000000,0.000000,0.000000
482149492.014215,0.108658,0.000168,-1.060440,0.009438,0.008982,0.005507,0.999940,0.005591,-0.009437,-0.005507,0.999945,0.008982,0.009487,-0.008930,0.999915,0.009437,-0.008982,-0.999915,0.002342,-0.001867,-0.060266,-0.002358,0.000143,0.000885,346.236328,350.699127,-1.000000,0.000000,0.000000
482149492.022678,0.186462,-0.021149,-1.053040,0.009438,0.008982,0.005507,0.999940,0.005591,-0.009437,-0.005507,0.999945,0.008982,0.009487,-0.008930,0.999915,0.009437,-0.008982,-0.999915,0.002342,-0.001867,-0.060266,-0.002358,0.000143,0.000885,346.236328,350.699127,-1.000000,0.000000,0.000000
482149492.032762,0.102036,-0.009689,-1.070312,0.009438,0.008982,0.005507,0.999940,0.005591,-0.009437,-0.005507,0.999945,0.008982,0.009487,-0.008930,0.999915,0.009437,-0.008982,-0.999915,0.002342,-0.001867,-0.060266,-0.002358,0.000143,0.000885,346.236328,350.699127,-1.000000,0.000000,0.000000
482149492.045837,0.117905,-0.014862,-1.053528,0.009438,0.008982,0.005507,0.999940,0.005591,-0.009437,-0.005507,0.999945,0.008982,0.009487,-0.008930,0.999915,0.009437,-0.008982,-0.999915,0.002342,-0.001867,-0.060266,-0.002358,0.000143,0.000885,346.236328,350.699127,-1.000000,0.000000,0.000000
482149492.052517,0.117905,-0.014862,-1.053528,0.009438,0.008982,0.005507,0.999940,0.005591,-0.009437,-0.005507,0.999945,0.008982,0.009487,-0.008930,0.999915,0.009437,-0.008982,-0.999915,0.002342,-0.001867,-0.060266,-0.002358,0.000143,0.000885,346.236328,350.699127,-1.000000,0.000000,0.000000
482149492.063430,0.132812,-0.007416,-1.085739,0.009438,0.008982,0.005507,0.999940,0.005591,-0.009437,-0.005507,0.999945,0.008982,0.009487,-0.008930,0.999915,0.009437,-0.008982,-0.999915,0.002342,-0.001867,-0.060266,-0.002358,0.000143,0.000885,346.236328,350.699127,-1.000000,0.000000,0.000000
482149492.072573,0.027542,-0.010101,-1.048294,0.009438,0.008982,0.005507,0.999940,0.005591,-0.009437,-0.005507,0.999945,0.008982,0.009487,-0.008930,0.999915,0.009437,-0.008982,-0.999915,0.002342,-0.001867,-0.060266,-0.002358,0.000143,0.000885,346.236328,350.699127,-1.000000,0.000000,0.000000
482149492.082414,0.003998,-0.013748,-1.067093,0.009438,0.008982,0.005507,0.999940,0.005591,-0.009437,-0.005507,0.999945,0.008982,0.009487,-0.008930,0.999915,0.009437,-0.008982,-0.999915,0.002342,-0.001867,-0.060266,-0.002358,0.000143,0.000885,346.236328,350.699127,-1.000000,0.000000,0.000000
482149492.095099,-0.081528,-0.006058,-1.056946,0.009438,0.008982,0.005507,0.999940,0.005591,-0.009437,-0.005507,0.999945,0.008982,0.009487,-0.008930,0.999915,0.009437,-0.008982,-0.999915,0.002342,-0.001867,-0.060266,-0.002358,0.000143,0.000885,346.236328,350.699127,-1.000000,0.000000,0.000000
482149492.103024,-0.045456,-0.028458,-1.036087,0.009438,0.008982,0.005507,0.999940,0.005591,-0.009437,-0.005507,0.999945,0.008982,0.009487,-0.008930,0.999915,0.009437,-0.008982,-0.999915,0.002342,-0.001867,-0.060266,-0.002358,0.000143,0.000885,346.236328,350.699127,-1.000000,0.000000,0.000000
482149492.113386,-0.138000,-0.007935,-1.058304,0.009438,0.008982,0.005507,0.999940,0.005591,-0.009437,-0.005507,0.999945,0.008982,0.009487,-0.008930,0.999915,0.009437,-0.008982,-0.999915,0.002342,-0.001867,-0.060266,-0.002358,0.000143,0.000885,346.236328,350.699127,-1.000000,0.000000,0.000000
482149492.123023,-0.055267,-0.027405,-1.052811,0.009438,0.008982,0.005507,0.999940,0.005591,-0.009437,-0.005507,0.999945,0.008982,0.009487,-0.008930,0.999915,0.009437,-0.008982,-0.999915,0.002342,-0.001867,-0.060266,-0.002358,0.000143,0.000885,346.236328,350.699127,-1.000000,0.000000,0.000000
482149492.132125,0.052307,-0.005722,-1.064758,0.009438,0.008982,0.005507,0.999940,0.005591,-0.009437,-0.005507,0.999945,0.008982,0.009487,-0.008930,0.999915,0.009437,-0.008982,-0.999915,0.002342,-0.001867,-0.060266,-0.002358,0.000143,0.000885,346.236328,350.699127,-1.000000,0.000000,0.000000
482149492.145648,0.133667,-0.007309,-1.066147,0.009438,0.008982,0.005507,0.999940,0.005591,-0.009437,-0.005507,0.999945,0.008982,0.009487,-0.008930,0.999915,0.009437,-0.008982,-0.999915,0.002342,-0.001867,-0.060266,-0.002358,0.000143,0.000885,346.236328,350.699127,-1.000000,0.000000,0.000000
482149492.152757,0.207031,-0.009659,-1.057770,0.009438,0.008982,0.005507,0.999940,0.005591,-0.009437,-0.005507,0.999945,0.008982,0.009487,-0.008930,0.999915,0.009437,-0.008982,-0.999915,0.002342,-0.001867,-0.060266,-0.002358,0.000143,0.000885,346.236328,350.699127,-1.000000,0.000000,0.000000
482149492.162840,0.093994,-0.002686,-1.079178,0.009438,0.008982,0.005507,0.999940,0.005591,-0.009437,-0.005507,0.999945,0.008982,0.009487,-0.008930,0.999915,0.009437,-0.008982,-0.999915,0.002342,-0.001867,-0.060266,-0.002358,0.000143,0.000885,346.236328,350.699127,-1.000000,0.000000,0.000000
482149492.177363,0.093994,-0.002686,-1.079178,0.009438,0.008982,0.005507,0.999940,0.005591,-0.009437,-0.005507,0.999945,0.008982,0.009487,-0.008930,0.999915,0.009437,-0.008982,-0.999915,0.002342,-0.001867,-0.060266,-0.002358,0.000143,0.000885,346.236328,350.699127,-1.000000,0.000000,0.000000
482149492.182668,0.164368,-0.011734,-1.046326,0.009438,0.008982,0.005507,0.999940,0.005591,-0.009437,-0.005507,0.999945,0.008982,0.009487,-0.008930,0.999915,0.009437,-0.008982,-0.999915,0.002342,-0.001867,-0.060266,-0.002358,0.000143,0.000885,346.236328,350.699127,-1.000000,0.000000,0.000000
482149492.196474,0.017853,-0.011078,-1.075806,0.009438,0.008982,0.005507,0.999940,0.005591,-0.009437,-0.005507,0.999945,0.008982,0.009487,-0.008930,0.999915,0.009437,-0.008982,-0.999915,0.002342,-0.001867,-0.060266,-0.002358,0.000143,0.000885,346.236328,350.699127,-1.000000,0.000000,0.000000
482149492.202654,-0.053528,-0.016525,-1.054779,0.009438,0.008982,0.005507,0.999940,0.005591,-0.009437,-0.005507,0.999945,0.008982,0.009487,-0.008930,0.999915,0.009437,-0.008982,-0.999915,0.002342,-0.001867,-0.060266,-0.002358,0.000143,0.000885,346.236328,350.699127,-1.000000,0.000000,0.000000
482149492.212970,-0.215347,-0.005493,-1.061813,0.009438,0.008982,0.005507,0.999940,0.005591,-0.009437,-0.005507,0.999945,0.008982,0.009487,-0.008930,0.999915,0.009437,-0.008982,-0.999915,0.002342,-0.001867,-0.060266,-0.002358,0.000143,0.000885,346.236328,350.699127,-1.000000,0.000000,0.000000
482149492.223041,-0.109253,-0.010437,-1.049286,0.009438,0.008982,0.005507,0.999940,0.005591,-0.009437,-0.005507,0.999945,0.008982,0.009487,-0.008930,0.999915,0.009437,-0.008982,-0.999915,0.002342,-0.001867,-0.060266,-0.002358,0.000143,0.000885,346.236328,350.699127,-1.000000,0.000000,0.000000
482149492.232068,-0.097260,-0.011719,-1.058014,0.009438,0.008982,0.005507,0.999940,0.005591,-0.009437,-0.005507,0.999945,0.008982,0.009487,-0.008930,0.999915,0.009437,-0.008982,-0.999915,0.002342,-0.001867,-0.060266,-0.002358,0.000143,0.000885,346.236328,350.699127,-1.000000,0.000000,0.000000
482149492.246565,-0.112259,-0.005493,-1.062042,0.009438,0.008982,0.005507,0.999940,0.005591,-0.009437,-0.005507,0.999945,0.008982,0.009487,-0.008930,0.999915,0.009437,-0.008982,-0.999915,0.002342,-0.001867,-0.060266,-0.002358,0.000143,0.000885,346.236328,350.699127,-1.000000,0.000000,0.000000
482149492.252649,-0.034653,-0.016922,-1.060516,0.009438,0.008982,0.005507,0.999940,0.005591,-0.009437,-0.005507,0.999945,0.008982,0.009487,-0.008930,0.999915,0.009437,-0.008982,-0.999915,0.002342,-0.001867,-0.060266,-0.002358,0.000143,0.000885,346.236328,350.699127,-1.000000,0.000000,0.000000
482149492.263040,0.045319,0.004166,-1.090302,0.009438,0.008982,0.005507,0.999940,0.005591,-0.009437,-0.005507,0.999945,0.008982,0.009487,-0.008930,0.999915,0.009437,-0.008982,-0.999915,0.002342,-0.001867,-0.060266,-0.002358,0.000143,0.000885,346.236328,350.699127,-1.000000,0.000000,0.000000
482149492.273151,0.092117,-0.003708,-1.090942,0.009438,0.008982,0.005507,0.999940,0.005591,-0.009437,-0.005507,0.999945,0.008982,0.009487,-0.008930,0.999915,0.009437,-0.008982,-0.999915,0.002342,-0.001867,-0.060266,-0.002358,0.000143,0.000885,346.236328,350.699127,-1.000000,0.000000,0.000000
482149492.283461,0.092117,-0.003708,-1.090942,0.009438,0.008982,0.005507,0.999940,0.005591,-0.009437,-0.005507,0.999945,0.008982,0.009487,-0.008930,0.999915,0.009437,-0.008982,-0.999915,0.002342,-0.001867,-0.060266,-0.002358,0.000143,0.000885,346.236328,350.699127,-1.000000,0.000000,0.000000
482149492.295208,0.088898,-0.007278,-1.042953,0.009438,0.008982,0.005507,0.999940,0.005591,-0.009437,-0.005507,0.999945,0.008982,0.009487,-0.008930,0.999915,0.009437,-0.008982,-0.999915,0.002342,-0.001867,-0.060266,-0.002358,0.000143,0.000885,346.236328,350.699127,-1.000000,0.000000,0.000000
482149492.302827,0.156677,-0.014725,-1.069916,0.009438,0.008982,0.005507,0.999940,0.005591,-0.009437,-0.005507,0.999945,0.008982,0.009487,-0.008930,0.999915,0.009437,-0.008982,-0.999915,0.002342,-0.001867,-0.060266,-0.002358,0.000143,0.000885,346.236328,350.699127,-1.000000,0.000000,0.000000
482149492.313030,0.073105,-0.003174,-1.067566,0.009438,0.008982,0.005507,0.999940,0.005591,-0.009437,-0.005507,0.999945,0.008982,0.009487,-0.008930,0.999915,0.009437,-0.008982,-0.999915,0.002342,-0.001867,-0.060266,-0.002358,0.000143,0.000885,346.236328,350.699127,-1.000000,0.000000,0.000000
482149492.323022,0.001877,-0.009705,-1.063171,0.009438,0.008982,0.005507,0.999940,0.005591,-0.009437,-0.005507,0.999945,0.008982,0.009487,-0.008930,0.999915,0.009437,-0.008982,-0.999915,0.002342,-0.001867,-0.060266,-0.002358,0.000143,0.000885,346.236328,350.699127,-1.000000,0.000000,0.000000
482149492.333021,-0.120911,-0.011398,-1.076797,0.009438,0.008982,0.005507,0.999940,0.005591,-0.009437,-0.005507,0.999945,0.008982,0.009487,-0.008930,0.999915,0.009437,-0.008982,-0.999915,0.002342,-0.001867,-0.060266,-0.002358,0.000143,0.000885,346.236328,350.699127,-1.000000,0.000000,0.000000
482149492.343134,-0.219116,-0.012421,-1.068710,0.009438,0.008982,0.005507,0.999940,0.005591,-0.009437,-0.005507,0.999945,0.008982,0.009487,-0.008930,0.999915,0.009437,-0.008982,-0.999915,0.002342,-0.001867,-0.060266,-0.002358,0.000143,0.000885,346.236328,350.699127,-1.000000,0.000000,0.000000
482149492.352951,-0.139130,-0.002960,-1.056351,0.009438,0.008982,0.005507,0.999940,0.005591,-0.009437,-0.005507,0.999945,0.008982,0.009487,-0.008930,0.999915,0.009437,-0.008982,-0.999915,0.002342,-0.001867,-0.060266,-0.002358,0.000143,0.000885,346.236328,350.699127,-1.000000,0.000000,0.000000
482149492.363086,-0.084335,-0.010071,-1.070663,0.009438,0.008982,0.005507,0.999940,0.005591,-0.009437,-0.005507,0.999945,0.008982,0.009487,-0.008930,0.999915,0.009437,-0.008982,-0.999915,0.002342,-0.001867,-0.060266,-0.002358,0.000143,0.000885,346.236328,350.699127,-1.000000,0.000000,0.000000
482149492.374676,-0.084335,-0.010071,-1.070663,0.009438,0.008982,0.005507,0.999940,0.005591,-0.009437,-0.005507,0.999945,0.008982,0.009487,-0.008930,0.999915,0.009437,-0.008982,-0.999915,0.002342,-0.001867,-0.060266,-0.002358,0.000143,0.000885,346.236328,350.699127,-1.000000,0.000000,0.000000
482149492.382679,0.004807,-0.009720,-1.057281,0.009438,0.008982,0.005507,0.999940,0.005591,-0.009437,-0.005507,0.999945,0.008982,0.009487,-0.008930,0.999915,0.009437,-0.008982,-0.999915,0.002342,-0.001867,-0.060266,-0.002358,0.000143,0.000885,346.236328,350.699127,-1.000000,0.000000,0.000000
482149492.392979,0.086914,-0.001434,-1.065491,0.009438,0.008982,0.005507,0.999940,0.005591,-0.009437,-0.005507,0.999945,0.008982,0.009487,-0.008930,0.999915,0.009437,-0.008982,-0.999915,0.002342,-0.001867,-0.060266,-0.002358,0.000143,0.000885,346.236328,350.699127,-1.000000,0.000000,0.000000
482149492.402804,0.185516,-0.018250,-1.069717,0.009438,0.008982,0.005507,0.999940,0.005591,-0.009437,-0.005507,0.999945,0.008982,0.009487,-0.008930,0.999915,0.009437,-0.008982,-0.999915,0.002342,-0.001867,-0.060266,-0.002358,0.000143,0.000885,346.236328,350.699127,-1.000000,0.000000,0.000000
482149492.412979,0.053314,-0.003815,-1.071625,0.009438,0.008982,0.005507,0.999940,0.005591,-0.009437,-0.005507,0.999945,0.008982,0.009487,-0.008930,0.999915,0.009437,-0.008982,-0.999915,0.002342,-0.001867,-0.060266,-0.002358,0.000143,0.000885,346.236328,350.699127,-1.000000,0.000000,0.000000
482149492.423349,0.089081,-0.012283,-1.051773,0.009438,0.008982,0.005507,0.999940,0.005591,-0.009437,-0.005507,0.999945,0.008982,0.009487,-0.008930,0.999915,0.009437,-0.008982,-0.999915,0.002342,-0.001867,-0.060266,-0.002358,0.000143,0.000885,346.236328,350.699127,-1.000000,0.000000,0.000000
482149492.433296,0.156311,-0.004684,-1.052261,0.009438,0.008982,0.005507,0.999940,0.005591,-0.009437,-0.005507,0.999945,0.008982,0.009487,-0.008930,0.999915,0.009437,-0.008982,-0.999915,0.002342,-0.001867,-0.060266,-0.002358,0.000143,0.000885,346.236328,350.699127,-1.000000,0.000000,0.000000
482149492.442973,-0.013809,-0.009598,-1.091721,0.009438,0.008982,0.005507,0.999940,0.005591,-0.009437,-0.005507,0.999945,0.008982,0.009487,-0.008930,0.999915,0.009437,-0.008982,-0.999915,0.002342,-0.001867,-0.060266,-0.002358,0.000143,0.000885,346.236328,350.699127,-1.000000,0.000000,0.000000
482149492.453156,-0.165070,-0.001343,-1.038879,0.009438,0.008982,0.005507,0.999940,0.005591,-0.009437,-0.005507,0.999945,0.008982,0.009487,-0.008930,0.999915,0.009437,-0.008982,-0.999915,0.002342,-0.001867,-0.060266,-0.002358,0.000143,0.000885,346.236328,350.699127,-1.000000,0.000000,0.000000
482149492.463070,-0.119995,-0.009430,-1.076797,0.009438,0.008982,0.005507,0.999940,0.005591,-0.009437,-0.005507,0.999945,0.008982,0.009487,-0.008930,0.999915,0.009437,-0.008982,-0.999915,0.002342,-0.001867,-0.060266,-0.002358,0.000143,0.000885,346.236328,350.699127,-1.000000,0.000000,0.000000
482149492.473134,-0.090302,-0.015762,-1.047195,0.009438,0.008982,0.005507,0.999940,0.005591,-0.009437,-0.005507,0.999945,0.008982,0.009487,-0.008930,0.999915,0.009437,-0.008982,-0.999915,0.002342,-0.001867,-0.060266,-0.002358,0.000143,0.000885,346.236328,350.699127,-1.000000,0.000000,0.000000
482149492.482633,-0.090302,-0.015762,-1.047195,0.009438,0.008982,0.005507,0.999940,0.005591,-0.009437,-0.005507,0.999945,0.008982,0.009487,-0.008930,0.999915,0.009437,-0.008982,-0.999915,0.002342,-0.001867,-0.060266,-0.002358,0.000143,0.000885,346.236328,350.699127,-1.000000,0.000000,0.000000
482149492.493058,-0.133133,-0.003128,-1.062180,0.009438,0.008982,0.005507,0.999940,0.005591,-0.009437,-0.005507,0.999945,0.008982,0.009487,-0.008930,0.999915,0.009437,-0.008982,-0.999915,0.002342,-0.001867,-0.060266,-0.002358,0.000143,0.000885,346.236328,350.699127,-1.000000,0.000000,0.000000
482149492.502951,-0.070328,-0.017227,-1.060776,0.009438,0.008982,0.005507,0.999940,0.005591,-0.009437,-0.005507,0.999945,0.008982,0.009487,-0.008930,0.999915,0.009437,-0.008982,-0.999915,0.002342,-0.001867,-0.060266,-0.002358,0.000143,0.000885,346.236328,350.699127,-1.000000,0.000000,0.000000
482149492.512869,0.024506,-0.007095,-1.052216,0.009438,0.008982,0.005507,0.999940,0.005591,-0.009437,-0.005507,0.999945,0.008982,0.009487,-0.008930,0.999915,0.009437,-0.008982,-0.999915,0.002342,-0.001867,-0.060266,-0.002358,0.000143,0.000885,346.236328,350.699127,-1.000000,0.000000,0.000000
482149492.523030,0.211060,-0.018524,-1.037170,0.009438,0.008982,0.005507,0.999940,0.005591,-0.009437,-0.005507,0.999945,0.008982,0.009487,-0.008930,0.999915,0.009437,-0.008982,-0.999915,0.002342,-0.001867,-0.060266,-0.002358,0.000143,0.000885,346.236328,350.699127,-1.000000,0.000000,0.000000
482149492.533054,0.117096,-0.010147,-1.095688,0.009438,0.008982,0.005507,0.999940,0.005591,-0.009437,-0.005507,0.999945,0.008982,0.009487,-0.008930,0.999915,0.009437,-0.008982,-0.999915,0.002342,-0.001867,-0.060266,-0.002358,0.000143,0.000885,346.236328,350.699127,-1.000000,0.000000,0.000000
482149492.543017,0.148834,-0.028259,-1.035675,0.009438,0.008982,0.005507,0.999940,0.005591,-0.009437,-0.005507,0.999945,0.008982,0.009487,-0.008930,0.999915,0.009437,-0.008982,-0.999915,0.002342,-0.001867,-0.060266,-0.002358,0.000143,0.000885,346.236328,350.699127,-1.000000,0.000000,0.000000
482149492.553380,0.132904,-0.012360,-1.081833,0.134003,0.012475,-0.000830,0.991036,0.000844,-0.133592,0.000830,0.999922,0.012475,0.133592,-0.012474,0.990958,0.133592,-0.012475,-0.990958,-0.016496,0.002328,-0.104730,0.007530,0.001302,0.004539,346.236328,350.699127,-1.000000,0.000000,0.000000
482149492.562969,0.032578,-0.014145,-1.046310,0.134003,0.012475,-0.000830,0.991036,0.000844,-0.133592,0.000830,0.999922,0.012475,0.133592,-0.012474,0.990958,0.133592,-0.012475,-0.990958,-0.016496,0.002328,-0.104730,0.007530,0.001302,0.004539,346.236328,350.699127,-1.000000,0.000000,0.000000
482149492.573010,0.032578,-0.014145,-1.046310,0.133988,0.012550,-0.000868,0.991038,0.000816,-0.133577,0.000868,0.999921,0.012550,0.133576,-0.012553,0.990959,0.133577,-0.012550,-0.990959,-0.016481,0.002403,-0.104729,0.002636,-0.001147,-0.007798,346.236328,350.699127,-1.000000,0.000000,0.000000
482149492.584384,-0.232101,-0.012054,-1.055084,0.133973,0.012618,-0.000922,0.991040,0.000772,-0.133562,0.000921,0.999920,0.012618,0.133561,-0.012628,0.990960,0.133562,-0.012618,-0.990960,-0.000658,0.000258,-0.090873,0.002604,-0.003373,0.002047,346.236328,350.699127,-1.000000,0.000000,0.000000
482149492.592851,-0.232101,-0.012054,-1.055084,0.133973,0.012618,-0.000922,0.991040,0.000772,-0.133562,0.000921,0.999920,0.012618,0.133561,-0.012628,0.990960,0.133562,-0.012618,-0.990960,-0.000658,0.000258,-0.090873,0.002604,-0.003373,0.002047,346.236328,350.699127,-1.000000,0.000000,0.000000
482149492.602705,-0.102127,-0.011703,-1.067871,0.133934,0.012654,-0.000936,0.991045,0.000762,-0.133524,0.000936,0.999919,0.012654,0.133522,-0.012666,0.990965,0.133524,-0.012654,-0.990965,-0.100946,-0.001491,-0.055346,0.007533,-0.002173,0.003302,346.236328,350.699127,-1.000000,0.000000,0.000000
482149492.613039,-0.074371,-0.012222,-1.065689,0.134003,0.012690,-0.000913,0.991036,0.000791,-0.133592,0.000913,0.999919,0.012690,0.133591,-0.012698,0.990955,0.133592,-0.012690,-0.990955,-0.365693,0.000636,-0.064129,0.000127,0.003570,0.005740,346.236328,350.699127,-1.000000,0.000000,0.000000
482149492.623508,-0.014572,-0.025299,-1.066238,0.134003,0.012690,-0.000913,0.991036,0.000791,-0.133592,0.000913,0.999919,0.012690,0.133591,-0.012698,0.990955,0.133592,-0.012690,-0.990955,-0.365693,0.000636,-0.064129,0.000127,0.003570,0.005740,346.236328,350.699127,-1.000000,0.000000,0.000000
482149492.632328,0.035324,-0.004303,-1.048218,0.133975,0.012708,-0.000883,0.991040,0.000822,-0.133564,0.000883,0.999919,0.012707,0.133564,-0.012712,0.990959,0.133564,-0.012707,-0.990959,-0.235691,0.001004,-0.076912,0.002604,-0.004528,0.002045,346.236328,350.699127,-1.000000,0.000000,0.000000
482149492.642999,0.111938,-0.008911,-1.072174,0.133960,0.012843,-0.000795,0.991042,0.000928,-0.133549,0.000794,0.999917,0.012843,0.133550,-0.012834,0.990959,0.133549,-0.012843,-0.990959,-0.207920,0.000621,-0.074730,0.005043,-0.000973,0.010679,346.236328,350.699127,-1.000000,0.000000,0.000000
482149492.654210,0.161514,-0.012756,-1.059097,0.133960,0.012843,-0.000795,0.991042,0.000928,-0.133549,0.000794,0.999917,0.012843,0.133550,-0.012834,0.990959,0.133549,-0.012843,-0.990959,-0.207920,0.000621,-0.074730,0.005043,-0.000973,0.010679,346.236328,350.699127,-1.000000,0.000000,0.000000
482149492.662912,0.111740,-0.004852,-1.058456,0.133939,0.012918,-0.000742,0.991045,0.000990,-0.133527,0.000742,0.999916,0.012918,0.133529,-0.012901,0.990961,0.133527,-0.012918,-0.990961,-0.148100,-0.012381,-0.075277,0.006292,-0.003315,0.005757,346.236328,350.699127,-1.000000,0.000000,0.000000
482149492.673039,0.177734,-0.023117,-1.075638,0.133924,0.012978,-0.000861,0.991047,0.000880,-0.133513,0.000861,0.999915,0.012978,0.133513,-0.012976,0.990962,0.133513,-0.012978,-0.990962,-0.021574,0.004066,-0.081212,0.000174,0.001135,-0.009037,346.236328,350.699127,-1.000000,0.000000,0.000000
482149492.682227,0.177734,-0.023117,-1.075638,0.133924,0.012978,-0.000861,0.991047,0.000880,-0.133513,0.000861,0.999915,0.012978,0.133513,-0.012976,0.990962,0.133513,-0.012978,-0.990962,-0.021574,0.004066,-0.081212,0.000174,0.001135,-0.009037,346.236328,350.699127,-1.000000,0.000000,0.000000
482149492.692782,0.035904,-0.027191,-1.053146,0.133897,0.012997,-0.000861,0.991050,0.000881,-0.133486,0.000861,0.999915,0.012997,0.133486,-0.012996,0.990966,0.133486,-0.012997,-0.990966,0.028029,0.000241,-0.068132,-0.001096,-0.003399,0.002030,346.236328,350.699127,-1.000000,0.000000,0.000000
482149492.702860,-0.119934,-0.011414,-1.077789,0.133837,0.013126,-0.000874,0.991058,0.000885,-0.133426,0.000874,0.999913,0.013125,0.133426,-0.013124,0.990972,0.133426,-0.013125,-0.990972,0.044308,-0.009992,-0.084666,0.010008,0.000133,0.000855,346.236328,350.699127,-1.000000,0.000000,0.000000
482149492.713635,-0.262924,-0.013382,-1.040588,0.133837,0.013126,-0.000874,0.991058,0.000885,-0.133426,0.000874,0.999913,0.013125,0.133426,-0.013124,0.990972,0.133426,-0.013125,-0.990972,0.044308,-0.009992,-0.084666,0.010008,0.000133,0.000855,346.236328,350.699127,-1.000000,0.000000,0.000000
482149492.722680,-0.140686,-0.009155,-1.094604,0.133860,0.013157,-0.000877,0.991055,0.000887,-0.133449,0.000876,0.999913,0.013157,0.133449,-0.013156,0.990968,0.133449,-0.013157,-0.990968,-0.097545,-0.014035,-0.062178,0.000154,0.000032,-0.002883,346.236328,350.699127,-1.000000,0.000000,0.000000
482149492.733000,-0.107254,-0.012421,-1.044388,0.133923,0.013166,-0.000783,0.991047,0.000982,-0.133511,0.000783,0.999913,0.013166,0.133512,-0.013152,0.990960,0.133511,-0.013166,-0.990960,-0.253445,0.001752,-0.086829,-0.004770,0.004595,-0.005360,346.236328,350.699127,-1.000000,0.000000,0.000000
482149492.743037,-0.055756,-0.002670,-1.068481,0.133924,0.013174,-0.000825,0.991047,0.000942,-0.133512,0.000825,0.999913,0.013174,0.133513,-0.013166,0.990960,0.133512,-0.013174,-0.990960,-0.396436,-0.000208,-0.049629,0.003846,0.001234,-0.000402,346.236328,350.699127,-1.000000,0.000000,0.000000
482149492.753542,0.045471,-0.014389,-1.045242,0.133924,0.013174,-0.000825,0.991047,0.000942,-0.133512,0.000825,0.999913,0.013174,0.133513,-0.013166,0.990960,0.133512,-0.013174,-0.990960,-0.396436,-0.000208,-0.049629,0.003846,0.001234,-0.000402,346.236328,350.699127,-1.000000,0.000000,0.000000
482149492.762350,0.072113,-0.001221,-1.075394,0.133926,0.013267,-0.000875,0.991047,0.000904,-0.133514,0.000875,0.999912,0.013267,0.133514,-0.013265,0.990958,0.133514,-0.013267,-0.990958,-0.240768,0.000846,-0.053430,0.000149,-0.003422,-0.001658,346.236328,350.699127,-1.000000,0.000000,0.000000
482149492.773093,0.068192,-0.010895,-1.048996,0.133932,0.013291,-0.000888,0.991046,0.000894,-0.133520,0.000888,0.999911,0.013291,0.133520,-0.013290,0.990957,0.133520,-0.013291,-0.990957,-0.189276,0.010620,-0.077524,0.001365,0.005877,0.004518,346.236328,350.699127,-1.000000,0.000000,0.000000
482149492.783574,0.068192,-0.010895,-1.048996,0.133932,0.013291,-0.000888,0.991046,0.000894,-0.133520,0.000888,0.999911,0.013291,0.133520,-0.013290,0.990957,0.133520,-0.013291,-0.990957,-0.189276,0.010620,-0.077524,0.001365,0.005877,0.004518,346.236328,350.699127,-1.000000,0.000000,0.000000
482149492.792663,0.069199,-0.006073,-1.068573,0.133889,0.013361,-0.000882,0.991051,0.000910,-0.133477,0.000882,0.999910,0.013361,0.133477,-0.013359,0.990962,0.133477,-0.013361,-0.990962,-0.061364,0.012140,-0.084432,0.008770,-0.004484,0.002073,346.236328,350.699127,-1.000000,0.000000,0.000000
482149492.804214,0.153488,-0.006714,-1.066010,0.133850,0.013355,-0.000897,0.991057,0.000893,-0.133439,0.000897,0.999910,0.013354,0.133439,-0.013354,0.990967,0.133439,-0.013354,-0.990967,-0.065247,0.002459,-0.058029,-0.001081,-0.004596,-0.002896,346.236328,350.699127,-1.000000,0.000000,0.000000
482149492.812263,0.060074,0.002060,-1.065689,0.133850,0.013355,-0.000897,0.991057,0.000893,-0.133439,0.000897,0.999910,0.013354,0.133439,-0.013354,0.990967,0.133439,-0.013354,-0.990967,-0.065247,0.002459,-0.058029,-0.001081,-0.004596,-0.002896,346.236328,350.699127,-1.000000,0.000000,0.000000
482149492.822696,-0.025909,-0.006256,-1.072189,0.133868,0.013396,-0.000881,0.991054,0.000915,-0.133457,0.000881,0.999910,0.013395,0.133457,-0.013393,0.990964,0.133457,-0.013395,-0.990964,-0.064258,0.007322,-0.077609,0.003850,0.001223,-0.001634,346.236328,350.699127,-1.000000,0.000000,0.000000
482149492.844699,-0.242157,0.000839,-1.079636,0.133892,0.013476,-0.000835,0.991051,0.000972,-0.133480,0.000835,0.999909,0.013475,0.133481,-0.013466,0.990960,0.133480,-0.013475,-0.990960,0.020008,0.006762,-0.075050,0.009972,0.000227,0.011934,346.236328,350.699127,-1.000000,0.000000,0.000000
482149492.852815,-0.101028,-0.014755,-1.077652,0.133899,0.013570,-0.000879,0.991050,0.000940,-0.133487,0.000879,0.999908,0.013569,0.133488,-0.013565,0.990958,0.133487,-0.013569,-0.990958,-0.159397,0.007313,-0.081232,0.001384,0.004670,-0.001640,346.236328,350.699127,-1.000000,0.000000,0.000000
482149492.863068,-0.120041,-0.005478,-1.082703,0.133922,0.013557,-0.000894,0.991047,0.000924,-0.133510,0.000894,0.999908,0.013557,0.133510,-0.013555,0.990955,0.133510,-0.013557,-0.990955,-0.297359,0.003257,-0.046979,-0.003558,0.000037,0.000793,346.236328,350.699127,-1.000000,0.000000,0.000000
482149492.873825,0.014511,-0.002930,-1.053284,0.134002,0.013594,-0.000907,0.991036,0.000917,-0.133589,0.000907,0.999907,0.013594,0.133589,-0.013593,0.990944,0.133589,-0.013594,-0.990944,-0.234618,-0.001161,-0.086708,0.001384,0.005824,-0.001638,346.236328,350.699127,-1.000000,0.000000,0.000000
482149492.883357,0.085007,-0.005341,-1.061600,0.134002,0.013594,-0.000907,0.991036,0.000917,-0.133589,0.000907,0.999907,0.013594,0.133589,-0.013593,0.990944,0.133589,-0.013594,-0.990944,-0.234618,-0.001161,-0.086708,0.001384,0.005824,-0.001638,346.236328,350.699127,-1.000000,0.000000,0.000000
482149492.893632,0.085007,-0.005341,-1.061600,0.133936,0.013608,-0.000907,0.991045,0.000918,-0.133523,0.000907,0.999907,0.013608,0.133523,-0.013607,0.990952,0.133523,-0.013608,-0.990952,-0.253564,0.008130,-0.091750,0.002614,-0.010333,-0.001658,346.236328,350.699127,-1.000000,0.000000,0.000000
482149492.904187,0.118774,-0.007965,-1.059387,0.133960,0.013719,-0.000912,0.991042,0.000929,-0.133547,0.000911,0.999905,0.013719,0.133547,-0.013717,0.990947,0.133547,-0.013719,-0.990947,-0.119036,0.010789,-0.062336,0.003858,0.002357,-0.004094,346.236328,350.699127,-1.000000,0.000000,0.000000
482149492.912834,0.118774,-0.007965,-1.059387,0.133960,0.013719,-0.000912,0.991042,0.000929,-0.133547,0.000911,0.999905,0.013719,0.133547,-0.013717,0.990947,0.133547,-0.013719,-0.990947,-0.119036,0.010789,-0.062336,0.003858,0.002357,-0.004094,346.236328,350.699127,-1.000000,0.000000,0.000000
482149492.922876,0.114868,-0.011841,-1.055527,0.133961,0.013755,-0.000878,0.991042,0.000967,-0.133548,0.000878,0.999905,0.013755,0.133548,-0.013749,0.990947,0.133548,-0.013755,-0.990947,-0.048541,0.008414,-0.070653,0.003830,0.000121,0.004520,346.236328,350.699127,-1.000000,0.000000,0.000000
482149492.932895,0.128815,-0.008286,-1.076950,0.133979,0.013803,-0.000808,0.991039,0.001043,-0.133565,0.000808,0.999904,0.013803,0.133567,-0.013787,0.990944,0.133565,-0.013803,-0.990944,-0.014791,0.005838,-0.068443,0.001363,0.002413,0.004512,346.236328,350.699127,-1.000000,0.000000,0.000000
482149492.943102,0.013550,-0.001968,-1.060150,0.133979,0.013803,-0.000808,0.991039,0.001043,-0.133565,0.000808,0.999904,0.013803,0.133567,-0.013787,0.990944,0.133565,-0.013803,-0.990944,-0.014791,0.005838,-0.068443,0.001363,0.002413,0.004512,346.236328,350.699127,-1.000000,0.000000,0.000000
482149492.952608,-0.086517,-0.002090,-1.068710,0.133980,0.013839,-0.000823,0.991039,0.001033,-0.133566,0.000823,0.999904,0.013839,0.133568,-0.013825,0.990943,0.133566,-0.013839,-0.990943,-0.018698,0.001998,-0.064583,0.005078,-0.001067,-0.000401,346.236328,350.699127,-1.000000,0.000000,0.000000
482149492.963143,-0.248199,-0.000885,-1.061050,0.134015,0.013899,-0.000803,0.991035,0.001061,-0.133601,0.000803,0.999903,0.013899,0.133603,-0.013881,0.990938,0.133601,-0.013899,-0.990938,-0.120051,0.011930,-0.069212,-0.002313,0.000014,-0.002895,346.236328,350.699127,-1.000000,0.000000,0.000000
482149492.973721,-0.111023,-0.016418,-1.057159,0.134015,0.013899,-0.000803,0.991035,0.001061,-0.133601,0.000803,0.999903,0.013899,0.133603,-0.013881,0.990938,0.133601,-0.013899,-0.990938,-0.120051,0.011930,-0.069212,-0.002313,0.000014,-0.002895,346.236328,350.699127,-1.000000,0.000000,0.000000
482149492.982766,-0.135956,-0.003204,-1.080826,0.133976,0.013890,-0.000788,0.991040,0.001075,-0.133562,0.000788,0.999903,0.013890,0.133564,-0.013871,0.990943,0.133562,-0.013890,-0.990943,-0.220080,0.011800,-0.077767,-0.001093,-0.005720,0.000794,346.236328,350.699127,-1.000000,0.000000,0.000000
482149492.993032,-0.048721,-0.011612,-1.051788,0.133972,0.013912,-0.000829,0.991040,0.001037,-0.133558,0.000829,0.999903,0.013912,0.133560,-0.013898,0.990943,0.133558,-0.013912,-0.990943,-0.381758,0.013027,-0.070107,0.005077,0.007026,0.000843,346.236328,350.699127,-1.000000,0.000000,0.000000
482149493.004195,0.034363,0.001526,-1.072739,0.133972,0.013912,-0.000829,0.991040,0.001037,-0.133558,0.000829,0.999903,0.013912,0.133560,-0.013898,0.990943,0.133558,-0.013912,-0.990943,-0.381758,0.013027,-0.070107,0.005077,0.007026,0.000843,346.236328,350.699127,-1.000000,0.000000,0.000000
482149493.013182,0.034363,0.001526,-1.072739,0.134001,0.013970,-0.000811,0.991037,0.001063,-0.133587,0.000810,0.999902,0.013970,0.133589,-0.013953,0.990939,0.133587,-0.013970,-0.990939,-0.244610,-0.002449,-0.066221,0.001374,-0.002238,0.000811,346.236328,350.699127,-1.000000,0.000000,0.000000
482149493.024799,0.139557,-0.006393,-1.061203,0.133968,0.014040,-0.000810,0.991041,0.001073,-0.133555,0.000810,0.999901,0.014039,0.133557,-0.014022,0.990942,0.133555,-0.014039,-0.990942,-0.182276,0.002427,-0.060846,0.001366,-0.002217,0.003273,346.236328,350.699127,-1.000000,0.000000,0.000000
482149493.035065,0.230850,-0.011124,-1.057602,0.133968,0.014040,-0.000810,0.991041,0.001073,-0.133555,0.000810,0.999901,0.014039,0.133557,-0.014022,0.990942,0.133555,-0.014039,-0.990942,-0.182276,0.002427,-0.060846,0.001366,-0.002217,0.003273,346.236328,350.699127,-1.000000,0.000000,0.000000
482149493.042764,0.143799,-0.003830,-1.108215,0.133986,0.014081,-0.000783,0.991038,0.001105,-0.133572,0.000783,0.999901,0.014081,0.133575,-0.014059,0.990939,0.133572,-0.014081,-0.990939,-0.099209,0.015606,-0.081800,0.007534,0.003601,0.003310,346.236328,350.699127,-1.000000,0.000000,0.000000
482149493.053039,0.149719,-0.011658,-1.076813,0.133971,0.014142,-0.000757,0.991041,0.001139,-0.133557,0.000757,0.999900,0.014141,0.133560,-0.014116,0.990940,0.133557,-0.014141,-0.990940,0.097293,0.003018,-0.066662,-0.004813,-0.005694,0.006933,346.236328,350.699127,-1.000000,0.000000,0.000000
482149493.063599,0.014679,-0.009872,-1.052307,0.133954,0.014140,-0.000737,0.991043,0.001158,-0.133541,0.000737,0.999900,0.014139,0.133543,-0.014111,0.990942,0.133540,-0.014139,-0.990942,0.097310,0.003016,-0.066659,0.003846,0.001234,-0.000403,346.236328,350.699127,-1.000000,0.000000,0.000000
482149493.073141,-0.117950,-0.015335,-1.064041,0.133954,0.014140,-0.000737,0.991043,0.001158,-0.133541,0.000737,0.999900,0.014139,0.133543,-0.014111,0.990942,0.133540,-0.014139,-0.990942,0.097310,0.003016,-0.066659,0.003846,0.001234,-0.000403,346.236328,350.699127,-1.000000,0.000000,0.000000
482149493.082954,-0.238159,-0.005081,-1.065903,0.133961,0.014226,-0.000654,0.991042,0.001252,-0.133547,0.000654,0.999899,0.014226,0.133551,-0.014185,0.990940,0.133547,-0.014226,-0.990940,0.016172,0.002568,-0.085872,0.007526,0.001312,0.005769,346.236328,350.699127,-1.000000,0.000000,0.000000
482149493.093591,-0.105179,-0.010620,-1.064941,0.133979,0.014253,-0.000691,0.991039,0.001219,-0.133565,0.000691,0.999898,0.014252,0.133569,-0.014217,0.990938,0.133565,-0.014252,-0.990938,-0.118886,0.004380,-0.061370,0.005096,0.004664,-0.005316,346.236328,350.699127,-1.000000,0.000000,0.000000
482149493.103723,-0.091049,-0.016937,-1.076584,0.133979,0.014253,-0.000691,0.991039,0.001219,-0.133565,0.000691,0.999898,0.014252,0.133569,-0.014217,0.990938,0.133565,-0.014252,-0.990938,-0.118886,0.004380,-0.061370,0.005096,0.004664,-0.005316,346.236328,350.699127,-1.000000,0.000000,0.000000
482149493.113050,-0.091049,-0.016937,-1.076584,0.133963,0.014306,-0.000677,0.991041,0.001240,-0.133549,0.000676,0.999897,0.014305,0.133553,-0.014268,0.990939,0.133549,-0.014305,-0.990939,-0.371709,0.009224,-0.074964,0.000122,0.001270,0.006966,346.236328,350.699127,-1.000000,0.000000,0.000000
482149493.122734,-0.074478,-0.012115,-1.050980,0.133987,0.014318,-0.000688,0.991038,0.001231,-0.133572,0.000688,0.999897,0.014317,0.133576,-0.014281,0.990936,0.133572,-0.014317,-0.990936,-0.238751,0.003697,-0.074006,-0.004783,0.001162,-0.001674,346.236328,350.699127,-1.000000,0.000000,0.000000
482149493.133173,-0.016006,-0.006439,-1.071152,0.133987,0.014318,-0.000688,0.991038,0.001231,-0.133572,0.000688,0.999897,0.014317,0.133576,-0.014281,0.990936,0.133572,-0.014317,-0.990936,-0.238751,0.003697,-0.074006,-0.004783,0.001162,-0.001674,346.236328,350.699127,-1.000000,0.000000,0.000000
482149493.142685,0.201187,-0.015472,-1.052933,0.133948,0.014276,-0.000703,0.991043,0.001210,-0.133534,0.000703,0.999898,0.014276,0.133538,-0.014242,0.990941,0.133534,-0.014276,-0.990941,-0.224583,-0.002661,-0.085642,-0.001080,-0.001132,-0.002892,346.236328,350.699127,-1.000000,0.000000,0.000000
482149493.153107,0.178360,-0.006302,-1.081497,0.133915,0.014314,-0.000749,0.991048,0.001169,-0.133502,0.000749,0.999897,0.014314,0.133505,-0.014286,0.990945,0.133502,-0.014314,-0.990945,-0.207980,0.002198,-0.060034,0.003857,-0.001107,-0.004100,346.236328,350.699127,-1.000000,0.000000,0.000000
482149493.162978,0.114517,-0.004715,-1.030029,0.133915,0.014314,-0.000749,0.991048,0.001169,-0.133502,0.000749,0.999897,0.014314,0.133505,-0.014286,0.990945,0.133502,-0.014314,-0.990945,-0.207980,0.002198,-0.060034,0.003857,-0.001107,-0.004100,346.236328,350.699127,-1.000000,0.000000,0.000000
