Android javascript x-axis acceleration

i =

     2


pxxrms =

    0.1003


par1 =

  752.9152


par2 =

    1.8645


par3 =

    1.3531


i =

     3


pxxrms =

    0.1391


par1 =

  724.4795


par2 =

    1.3313


par3 =

    1.2336


i =

     4


pxxrms =

    0.2082


par1 =

  761.2859


par2 =

    1.7308


par3 =

    1.6754


i =

     5


pxxrms =

    0.0067


par1 =

  694.1049


par2 =

   11.8371


par3 =

   11.7519


i =

     6


pxxrms =

    0.0115


par1 =

  721.1615


par2 =

   16.6067


par3 =

    1.4934


i =

     7


pxxrms =

   5.5382e-04


par1 =

  650.2954


par2 =

   34.5826


par3 =

    5.7614


i =

     8


pxxrms =

    0.0059


par1 =

  561.4551


par2 =

  150.9779


par3 =

    4.0726


i =

     9


pxxrms =

    0.0427


par1 =

  596.3584


par2 =

   35.5923


par3 =

   34.7499


i =

    10


pxxrms =

   7.0675e-06


par1 =

  218.6885


par2 =

  210.7548


par3 =

  139.2851

iPhone 4 javascript x-axis acceleration

i =

     2


pxxrms =

   46.8373


par1 =

  733.2969


par2 =

    6.7807


par3 =

    0.7179


i =

     3


pxxrms =

    0.5342


par1 =

  625.8643


par2 =

  101.6105


par3 =

   12.7941


i =

     4


pxxrms =

    3.5362


par1 =

  681.9963


par2 =

   38.7069


par3 =

    2.5003


i =

     5


pxxrms =

    0.7169


par1 =

  655.1312


par2 =

   10.7985


par3 =

   10.2267


i =

     6


pxxrms =

    0.3911


par1 =

  435.0299


par2 =

  189.2172


par3 =

   25.7495


i =

     7


pxxrms =

    0.4316


par1 =

  635.2223


par2 =

   41.4591


par3 =

   29.7180


i =

     8


pxxrms =

    1.4823


par1 =

  641.4730


par2 =

   93.3453


par3 =

    5.0403


i =

     9


pxxrms =

   24.1604


par1 =

  535.6727


par2 =

  206.4448


par3 =

    2.3399


i =

    10


pxxrms =

    4.8022


par1 =

  704.3578


par2 =

    9.3352


par3 =

    0.9240

iPhone 4s javascript x-axis acceleration

i =

     2


pxxrms =

    2.3606


par1 =

  857.5397


par2 =

   69.0739


par3 =

    1.7073


i =

     3


pxxrms =

    1.3539


par1 =

  867.3732


par2 =

   58.1611


par3 =

    2.9220


i =

     4


pxxrms =

    4.4957


par1 =

  903.7228


par2 =

   18.6104


par3 =

    7.3540


i =

     5


pxxrms =

    0.8240


par1 =

  843.2671


par2 =

   47.7808


par3 =

    5.2114


i =

     6


pxxrms =

    1.6466


par1 =

  593.8645


par2 =

  252.1881


par3 =

   30.6035


i =

     7


pxxrms =

    0.8203


par1 =

  884.4009


par2 =

    1.9626


par3 =

    1.3173


i =

     8


pxxrms =

    3.0634


par1 =

  862.5938


par2 =

    8.2984


par3 =

    1.1378


i =

     9


pxxrms =

   13.0418


par1 =

  881.6249


par2 =

    1.8931


par3 =

    1.4598


i =

    10


pxxrms =

    2.6957


par1 =

  877.2580


par2 =

    2.9969


par3 =

    1.7651

iPhone 6 javascript x-axis acceleration

i =

     2


pxxrms =

   65.1090


par1 =

  815.2320


par2 =

   50.4796


par3 =

    1.6343


i =

     3


pxxrms =

    1.1261


par1 =

  880.7273


par2 =

    3.3742


par3 =

    2.2082


i =

     4


pxxrms =

    4.6103


par1 =

  880.3358


par2 =

    9.8326


par3 =

    2.6139


i =

     5


pxxrms =

    1.0640


par1 =

  539.0611


par2 =

  336.4605


par3 =

   41.9242


i =

     6


pxxrms =

    1.2587


par1 =

  858.2890


par2 =

    4.0087


par3 =

    3.7735


i =

     7


pxxrms =

    0.1442


par1 =

  854.4959


par2 =

    3.3759


par3 =

    2.5248


i =

     8


pxxrms =

    3.4961


par1 =

  797.1281


par2 =

   81.3164


par3 =

   10.0859


i =

     9


pxxrms =

   49.7893


par1 =

  885.8064


par2 =

    2.1056


par3 =

    1.6445


i =

    10


pxxrms =

    1.1140


par1 =

  596.3971


par2 =

  281.1653


par3 =

   16.9968

Android native x-axis acceleration

i =

     2


pxxrms =

    0.1348


par1 =

  876.2898


par2 =

    1.6007


par3 =

    1.5007


i =

     3


pxxrms =

    0.2430


par1 =

  887.9110


par2 =

    1.9292


par3 =

    1.3764


i =

     4


pxxrms =

    0.3823


par1 =

  897.9582


par2 =

    2.0578


par3 =

    1.4048


i =

     5


pxxrms =

    0.0320


par1 =

  903.9458


par2 =

    2.3533


par3 =

    1.5414


i =

     6


pxxrms =

    0.0336


par1 =

  908.1793


par2 =

    2.0193


par3 =

    1.7240


i =

     7


pxxrms =

    0.0023


par1 =

  847.4347


par2 =

    1.8385


par3 =

    1.7205


i =

     8


pxxrms =

    0.0315


par1 =

  832.3610


par2 =

    1.9169


par3 =

    1.6537


i =

     9


pxxrms =

    0.3271


par1 =

  819.3165


par2 =

    1.6346


par3 =

    1.3321


i =

    10


pxxrms =

    0.0068


par1 =

  812.2739


par2 =

    1.9149


par3 =

    1.6457

iPhone 4 native x-axis acceleration

i =

     2


pxxrms =

    0.0091


par1 =

  895.8061


par2 =

    1.9177


par3 =

    1.2331


i =

     3


pxxrms =

   1.6547e-04


par1 =

  939.7304


par2 =

    4.8869


par3 =

    2.3208


i =

     4


pxxrms =

   6.6244e-04


par1 =

  913.0010


par2 =

    1.7035


par3 =

    1.4874


i =

     5


pxxrms =

   1.3619e-04


par1 =

  913.5993


par2 =

    1.8735


par3 =

    1.7028


i =

     6


pxxrms =

   2.4016e-04


par1 =

  902.7643


par2 =

    3.6941


par3 =

    2.2302


i =

     7


pxxrms =

   3.3891e-05


par1 =

  818.2143


par2 =

    2.1210


par3 =

    2.0330


i =

     8


pxxrms =

   7.1079e-04


par1 =

  842.6045


par2 =

    2.2892


par3 =

    1.8479


i =

     9


pxxrms =

    0.0116


par1 =

  890.6232


par2 =

    1.8051


par3 =

    1.1935


i =

    10


pxxrms =

   4.0285e-04


par1 =

  862.5183


par2 =

    1.9920


par3 =

    1.9757

iPhone 4s native x-axis acceleration - Phone call at the end of 3Hz session so keep only 1:5500

i =

     2


pxxrms =

    0.0092


par1 =

  939.2070


par2 =

    1.9585


par3 =

    1.6513


i =

     3


pxxrms =

   1.7688e-04


par1 =

  845.2804


par2 =

    4.6958


par3 =

    2.0493


i =

     4


pxxrms =

   6.2417e-04


par1 =

  923.0410


par2 =

    1.8572


par3 =

    1.6607


i =

     5


pxxrms =

   1.3539e-04


par1 =

  887.9803


par2 =

    2.3386


par3 =

    1.8697


i =

     6


pxxrms =

   2.4251e-04


par1 =

  925.3811


par2 =

    1.7304


par3 =

    1.6323


i =

     7


pxxrms =

   3.6075e-05


par1 =

  829.7511


par2 =

    2.0924


par3 =

    1.8571


i =

     8


pxxrms =

   7.2108e-04


par1 =

  839.5037


par2 =

    1.7955


par3 =

    1.7768


i =

     9


pxxrms =

    0.0117


par1 =

  870.0064


par2 =

    1.8563


par3 =

    1.7858


i =

    10


pxxrms =

   4.0259e-04


par1 =

  859.6087


par2 =

    2.1003


par3 =

    1.7548

    'Table feedback acquired by DANCE controller'


i =

     2


pxxrms =

   95.0413


par1 =

  938.2643


par2 =

    1.7403


par3 =

    1.2660


i =

     3


pxxrms =

    1.9781


par1 =

  930.0048


par2 =

    5.1266


par3 =

    1.6940


i =

     4


pxxrms =

    7.2390


par1 =

  929.5003


par2 =

    1.7137


par3 =

    1.4155


i =

     5


pxxrms =

    1.2732


par1 =

  924.6800


par2 =

    1.8831


par3 =

    1.5259


i =

     6


pxxrms =

    2.2117


par1 =

  916.3222


par2 =

    1.9981


par3 =

    1.4758


i =

     7


pxxrms =

    0.2994


par1 =

  866.9308


par2 =

    1.9857


par3 =

    1.9002


i =

     8


pxxrms =

    6.5471


par1 =

  886.7846


par2 =

    1.9534


par3 =

    1.6779


i =

     9


pxxrms =

  107.5921


par1 =

  890.6679


par2 =

    1.9461


par3 =

    1.4207


i =

    10


pxxrms =

    3.8108


par1 =

  846.1449


par2 =

    1.9510


par3 =

    1.7382

