Android javascript x-axis acceleration

i =

     2


pxxrms =

    0.3166


par1 =

  238.3989


par2 =

    0.5904


par3 =

    0.4284


i =

     3


pxxrms =

    0.3729


par1 =

  270.1917


par2 =

    0.4965


par3 =

    0.4601


i =

     4


pxxrms =

    0.4563


par1 =

  347.3505


par2 =

    0.7897


par3 =

    0.7644


i =

     5


pxxrms =

    0.0822


par1 =

   57.0233


par2 =

    0.9725


par3 =

    0.9655


i =

     6


pxxrms =

    0.1075


par1 =

   77.4898


par2 =

    1.7844


par3 =

    0.1605


i =

     7


pxxrms =

    0.0235


par1 =

   15.3036


par2 =

    0.8138


par3 =

    0.1356


i =

     8


pxxrms =

    0.0765


par1 =

   42.9616


par2 =

   11.5526


par3 =

    0.3116


i =

     9


pxxrms =

    0.2067


par1 =

  123.2837


par2 =

    7.3579


par3 =

    7.1838


i =

    10


pxxrms =

    0.0027


par1 =

    0.5814


par2 =

    0.5603


par3 =

    0.3703

iPhone 4 javascript x-axis acceleration

i =

     2


pxxrms =

    6.8438


par1 =

   5.0185e+03


par2 =

   46.4057


par3 =

    4.9132


i =

     3


pxxrms =

    0.7309


par1 =

  457.4351


par2 =

   74.2656


par3 =

    9.3510


i =

     4


pxxrms =

    1.8805


par1 =

   1.2825e+03


par2 =

   72.7877


par3 =

    4.7018


i =

     5


pxxrms =

    0.8467


par1 =

  554.6915


par2 =

    9.1430


par3 =

    8.6588


i =

     6


pxxrms =

    0.6254


par1 =

  272.0699


par2 =

  118.3374


par3 =

   16.1038


i =

     7


pxxrms =

    0.6569


par1 =

  417.3058


par2 =

   27.2363


par3 =

   19.5231


i =

     8


pxxrms =

    1.2175


par1 =

  780.9843


par2 =

  113.6466


par3 =

    6.1365


i =

     9


pxxrms =

    4.9153


par1 =

   2.6330e+03


par2 =

   1.0147e+03


par3 =

   11.5016


i =

    10


pxxrms =

    2.1914


par1 =

   1.5435e+03


par2 =

   20.4572


par3 =

    2.0249

iPhone 4s javascript x-axis acceleration

i =

     2


pxxrms =

    1.5364


par1 =

   1.3175e+03


par2 =

  106.1260


par3 =

    2.6232


i =

     3


pxxrms =

    1.1636


par1 =

   1.0093e+03


par2 =

   67.6756


par3 =

    3.4000


i =

     4


pxxrms =

    2.1203


par1 =

   1.9162e+03


par2 =

   39.4598


par3 =

   15.5928


i =

     5


pxxrms =

    0.9077


par1 =

  765.4743


par2 =

   43.3730


par3 =

    4.7306


i =

     6


pxxrms =

    1.2832


par1 =

  762.0464


par2 =

  323.6075


par3 =

   39.2704


i =

     7


pxxrms =

    0.9057


par1 =

  800.9852


par2 =

    1.7775


par3 =

    1.1931


i =

     8


pxxrms =

    1.7503


par1 =

   1.5098e+03


par2 =

   14.5244


par3 =

    1.9914


i =

     9


pxxrms =

    3.6113


par1 =

   3.1839e+03


par2 =

    6.8366


par3 =

    5.2718


i =

    10


pxxrms =

    1.6419


par1 =

   1.4403e+03


par2 =

    4.9205


par3 =

    2.8981

iPhone 6 javascript x-axis acceleration

i =

     2


pxxrms =

    8.0690


par1 =

   6.5781e+03


par2 =

  407.3208


par3 =

   13.1871


i =

     3


pxxrms =

    1.0612


par1 =

  934.5987


par2 =

    3.5806


par3 =

    2.3433


i =

     4


pxxrms =

    2.1472


par1 =

   1.8902e+03


par2 =

   21.1122


par3 =

    5.6125


i =

     5


pxxrms =

    1.0315


par1 =

  556.0475


par2 =

  347.0627


par3 =

   43.2453


i =

     6


pxxrms =

    1.1219


par1 =

  962.9253


par2 =

    4.4974


par3 =

    4.2336


i =

     7


pxxrms =

    0.3797


par1 =

  324.4722


par2 =

    1.2819


par3 =

    0.9587


i =

     8


pxxrms =

    1.8698


par1 =

   1.4905e+03


par2 =

  152.0447


par3 =

   18.8585


i =

     9


pxxrms =

    7.0562


par1 =

   6.2504e+03


par2 =

   14.8572


par3 =

   11.6035


i =

    10


pxxrms =

    1.0555


par1 =

  629.4743


par2 =

  296.7592


par3 =

   17.9395

Android native x-axis acceleration

i =

     2


pxxrms =

    0.3671


par1 =

  321.7145


par2 =

    0.5877


par3 =

    0.5510


i =

     3


pxxrms =

    0.4929


par1 =

  437.6741


par2 =

    0.9509


par3 =

    0.6785


i =

     4


pxxrms =

    0.6183


par1 =

  555.2300