Timestamp,Accel_X,Accel_Y,Accel_Z,Roll,Pitch,Yaw,RM11,RM12,RM13,RM21,RM22,RM23,RM31,RM32,RM33,GravAcc_X,GravAcc_Y,GravAcc_Z,UserAcc_X,UserAcc_Y,UserAcc_Z,RotRate_X,RotRate_Y,RotRate_Z,MagHeading,TrueHeading,HeadingAccuracy,Course,Speed
482149023.709105,0.031570,-0.008621,-1.023758,0.037624,0.005165,-0.005914,0.999276,-0.005716,-0.037615,0.005914,0.999969,0.005165,0.037584,-0.005384,0.999279,0.037615,-0.005165,-0.999279,0.002088,0.000557,-0.027912,0.000057,-0.000601,-0.000001,23.253735,27.716518,-1.000000,-1.000000,-1.000000
482149023.719099,0.037384,-0.006546,-1.021469,0.037624,0.005165,-0.005914,0.999276,-0.005716,-0.037615,0.005914,0.999969,0.005165,0.037584,-0.005384,0.999279,0.037615,-0.005165,-0.999279,0.002088,0.000557,-0.027912,0.000057,-0.000601,-0.000001,23.253735,27.716518,-1.000000,-1.000000,-1.000000
482149023.729059,0.039124,-0.005493,-1.016525,0.037624,0.005165,-0.005914,0.999276,-0.005716,-0.037615,0.005914,0.999969,0.005165,0.037584,-0.005384,0.999279,0.037615,-0.005165,-0.999279,0.002088,0.000557,-0.027912,0.000057,-0.000601,-0.000001,23.253735,27.716518,-1.000000,-1.000000,-1.000000
482149023.739187,0.043915,-0.001617,-1.030869,0.037624,0.005165,-0.005914,0.999276,-0.005716,-0.037615,0.005914,0.999969,0.005165,0.037584,-0.005384,0.999279,0.037615,-0.005165,-0.999279,0.002088,0.000557,-0.027912,0.000057,-0.000601,-0.000001,23.253735,27.716518,-1.000000,-1.000000,-1.000000
482149023.749227,0.043854,-0.010559,-1.033661,0.037624,0.005165,-0.005914,0.999276,-0.005716,-0.037615,0.005914,0.999969,0.005165,0.037584,-0.005384,0.999279,0.037615,-0.005165,-0.999279,0.002088,0.000557,-0.027912,0.000057,-0.000601,-0.000001,23.253735,27.716518,-1.000000,-1.000000,-1.000000
482149023.759102,0.043854,-0.010559,-1.033661,0.037624,0.005165,-0.005914,0.999276,-0.005716,-0.037615,0.005914,0.999969,0.005165,0.037584,-0.005384,0.999279,0.037615,-0.005165,-0.999279,0.002088,0.000557,-0.027912,0.000057,-0.000601,-0.000001,23.253735,27.716518,-1.000000,-1.000000,-1.000000
482149023.768240,0.034317,-0.010529,-1.020645,0.037624,0.005165,-0.005914,0.999276,-0.005716,-0.037615,0.005914,0.999969,0.005165,0.037584,-0.005384,0.999279,0.037615,-0.005165,-0.999279,0.002088,0.000557,-0.027912,0.000057,-0.000601,-0.000001,23.253735,27.716518,-1.000000,-1.000000,-1.000000
482149023.779123,0.035141,-0.009705,-1.036163,0.037624,0.005165,-0.005914,0.999276,-0.005716,-0.037615,0.005914,0.999969,0.005165,0.037584,-0.005384,0.999279,0.037615,-0.005165,-0.999279,0.002088,0.000557,-0.027912,0.000057,-0.000601,-0.000001,23.253735,27.716518,-1.000000,-1.000000,-1.000000
482149023.790337,0.021393,-0.002899,-1.033157,0.037624,0.005165,-0.005914,0.999276,-0.005716,-0.037615,0.005914,0.999969,0.005165,0.037584,-0.005384,0.999279,0.037615,-0.005165,-0.999279,0.002088,0.000557,-0.027912,0.000057,-0.000601,-0.000001,23.253735,27.716518,-1.000000,-1.000000,-1.000000
482149023.798998,0.042847,-0.011353,-1.015259,0.037624,0.005165,-0.005914,0.999276,-0.005716,-0.037615,0.005914,0.999969,0.005165,0.037584,-0.005384,0.999279,0.037615,-0.005165,-0.999279,0.002088,0.000557,-0.027912,0.000057,-0.000601,-0.000001,23.253735,27.716518,-1.000000,-1.000000,-1.000000
482149023.809126,0.037369,-0.005737,-1.038971,0.037624,0.005165,-0.005914,0.999276,-0.005716,-0.037615,0.005914,0.999969,0.005165,0.037584,-0.005384,0.999279,0.037615,-0.005165,-0.999279,0.002088,0.000557,-0.027912,0.000057,-0.000601,-0.000001,23.253735,27.716518,-1.000000,-1.000000,-1.000000
482149023.819117,0.047379,-0.009430,-1.025711,0.037624,0.005165,-0.005914,0.999276,-0.005716,-0.037615,0.005914,0.999969,0.005165,0.037584,-0.005384,0.999279,0.037615,-0.005165,-0.999279,0.002088,0.000557,-0.027912,0.000057,-0.000601,-0.000001,23.253735,27.716518,-1.000000,-1.000000,-1.000000
482149023.829225,0.029800,-0.006699,-1.026794,0.037624,0.005165,-0.005914,0.999276,-0.005716,-0.037615,0.005914,0.999969,0.005165,0.037584,-0.005384,0.999279,0.037615,-0.005165,-0.999279,0.002088,0.000557,-0.027912,0.000057,-0.000601,-0.000001,23.253735,27.716518,-1.000000,-1.000000,-1.000000
482149023.839089,0.029510,-0.007629,-1.021942,0.037624,0.005165,-0.005914,0.999276,-0.005716,-0.037615,0.005914,0.999969,0.005165,0.037584,-0.005384,0.999279,0.037615,-0.005165,-0.999279,0.002088,0.000557,-0.027912,0.000057,-0.000601,-0.000001,23.253735,27.716518,-1.000000,-1.000000,-1.000000
482149023.849191,0.025513,-0.008865,-1.039642,0.037624,0.005165,-0.005914,0.999276,-0.005716,-0.037615,0.005914,0.999969,0.005165,0.037584,-0.005384,0.999279,0.037615,-0.005165,-0.999279,0.002088,0.000557,-0.027912,0.000057,-0.000601,-0.000001,23.253735,27.716518,-1.000000,-1.000000,-1.000000
482149023.858978,0.025513,-0.008865,-1.039642,0.037624,0.005165,-0.005914,0.999276,-0.005716,-0.037615,0.005914,0.999969,0.005165,0.037584,-0.005384,0.999279,0.037615,-0.005165,-0.999279,0.002088,0.000557,-0.027912,0.000057,-0.000601,-0.000001,23.253735,27.716518,-1.000000,-1.000000,-1.000000
482149023.869204,0.039307,-0.008514,-1.021332,0.037624,0.005165,-0.005914,0.999276,-0.005716,-0.037615,0.005914,0.999969,0.005165,0.037584,-0.005384,0.999279,0.037615,-0.005165,-0.999279,0.002088,0.000557,-0.027912,0.000057,-0.000601,-0.000001,23.253735,27.716518,-1.000000,-1.000000,-1.000000
482149023.878827,0.045334,-0.008469,-1.023895,0.037624,0.005165,-0.005914,0.999276,-0.005716,-0.037615,0.005914,0.999969,0.005165,0.037584,-0.005384,0.999279,0.037615,-0.005165,-0.999279,0.002088,0.000557,-0.027912,0.000057,-0.000601,-0.000001,23.253735,27.716518,-1.000000,-1.000000,-1.000000
482149023.889100,0.056580,-0.005432,-1.031021,0.037624,0.005165,-0.005914,0.999276,-0.005716,-0.037615,0.005914,0.999969,0.005165,0.037584,-0.005384,0.999279,0.037615,-0.005165,-0.999279,0.002088,0.000557,-0.027912,0.000057,-0.000601,-0.000001,23.253735,27.716518,-1.000000,-1.000000,-1.000000
482149023.899080,0.035095,-0.001724,-1.031403,0.037624,0.005165,-0.005914,0.999276,-0.005716,-0.037615,0.005914,0.999969,0.005165,0.037584,-0.005384,0.999279,0.037615,-0.005165,-0.999279,0.002088,0.000557,-0.027912,0.000057,-0.000601,-0.000001,23.253735,27.716518,-1.000000,-1.000000,-1.000000
482149023.909158,0.034103,-0.010498,-1.016769,0.037624,0.005165,-0.005914,0.999276,-0.005716,-0.037615,0.005914,0.999969,0.005165,0.037584,-0.005384,0.999279,0.037615,-0.005165,-0.999279,0.002088,0.000557,-0.027912,0.000057,-0.000601,-0.000001,23.253735,27.716518,-1.000000,-1.000000,-1.000000
482149023.919095,0.044739,-0.003571,-1.028854,0.037624,0.005165,-0.005914,0.999276,-0.005716,-0.037615,0.005914,0.999969,0.005165,0.037584,-0.005384,0.999279,0.037615,-0.005165,-0.999279,0.002088,0.000557,-0.027912,0.000057,-0.000601,-0.000001,23.253735,27.716518,-1.000000,-1.000000,-1.000000
482149023.929140,0.068665,-0.009308,-1.038025,0.037624,0.005165,-0.005914,0.999276,-0.005716,-0.037615,0.005914,0.999969,0.005165,0.037584,-0.005384,0.999279,0.037615,-0.005165,-0.999279,0.002088,0.000557,-0.027912,0.000057,-0.000601,-0.000001,23.253735,27.716518,-1.000000,-1.000000,-1.000000
482149023.939093,0.109360,-0.011475,-1.009338,0.037624,0.005165,-0.005914,0.999276,-0.005716,-0.037615,0.005914,0.999969,0.005165,0.037584,-0.005384,0.999279,0.037615,-0.005165,-0.999279,0.002088,0.000557,-0.027912,0.000057,-0.000601,-0.000001,23.253735,27.716518,-1.000000,-1.000000,-1.000000
482149023.949137,0.093796,-0.000961,-1.025940,0.037624,0.005165,-0.005914,0.999276,-0.005716,-0.037615,0.005914,0.999969,0.005165,0.037584,-0.005384,0.999279,0.037615,-0.005165,-0.999279,0.002088,0.000557,-0.027912,0.000057,-0.000601,-0.000001,23.253735,27.716518,-1.000000,-1.000000,-1.000000
482149023.958586,0.037598,-0.008575,-1.026306,0.037624,0.005165,-0.005914,0.999276,-0.005716,-0.037615,0.005914,0.999969,0.005165,0.037584,-0.005384,0.999279,0.037615,-0.005165,-0.999279,0.002088,0.000557,-0.027912,0.000057,-0.000601,-0.000001,23.253735,27.716518,-1.000000,-1.000000,-1.000000
482149023.968366,0.037598,-0.008575,-1.026306,0.037624,0.005165,-0.005914,0.999276,-0.005716,-0.037615,0.005914,0.999969,0.005165,0.037584,-0.005384,0.999279,0.037615,-0.005165,-0.999279,0.002088,0.000557,-0.027912,0.000057,-0.000601,-0.000001,23.253735,27.716518,-1.000000,-1.000000,-1.000000
482149023.979118,0.058060,-0.006302,-1.022202,0.037624,0.005165,-0.005914,0.999276,-0.005716,-0.037615,0.005914,0.999969,0.005165,0.037584,-0.005384,0.999279,0.037615,-0.005165,-0.999279,0.002088,0.000557,-0.027912,0.000057,-0.000601,-0.000001,23.253735,27.716518,-1.000000,-1.000000,-1.000000
482149023.989115,0.037735,0.003342,-1.023544,0.037624,0.005165,-0.005914,0.999276,-0.005716,-0.037615,0.005914,0.999969,0.005165,0.037584,-0.005384,0.999279,0.037615,-0.005165,-0.999279,0.002088,0.000557,-0.027912,0.000057,-0.000601,-0.000001,23.253735,27.716518,-1.000000,-1.000000,-1.000000
482149023.999078,0.049133,-0.005402,-1.019821,0.037624,0.005165,-0.005914,0.999276,-0.005716,-0.037615,0.005914,0.999969,0.005165,0.037584,-0.005384,0.999279,0.037615,-0.005165,-0.999279,0.002088,0.000557,-0.027912,0.000057,-0.000601,-0.000001,23.253735,27.716518,-1.000000,-1.000000,-1.000000
482149024.009157,0.043579,-0.002563,-1.025055,0.037624,0.005165,-0.005914,0.999276,-0.005716,-0.037615,0.005914,0.999969,0.005165,0.037584,-0.005384,0.999279,0.037615,-0.005165,-0.999279,0.002088,0.000557,-0.027912,0.000057,-0.000601,-0.000001,23.253735,27.716518,-1.000000,-1.000000,-1.000000
482149024.019129,0.051224,-0.001419,-1.020706,0.037624,0.005165,-0.005914,0.999276,-0.005716,-0.037615,0.005914,0.999969,0.005165,0.037584,-0.005384,0.999279,0.037615,-0.005165,-0.999279,0.002088,0.000557,-0.027912,0.000057,-0.000601,-0.000001,23.253735,27.716518,-1.000000,-1.000000,-1.000000
482149024.028762,0.041046,-0.004456,-1.015457,0.037624,0.005165,-0.005914,0.999276,-0.005716,-0.037615,0.005914,0.999969,0.005165,0.037584,-0.005384,0.999279,0.037615,-0.005165,-0.999279,0.002088,0.000557,-0.027912,0.000057,-0.000601,-0.000001,23.253735,27.716518,-1.000000,-1.000000,-1.000000
482149024.039114,0.024765,0.000244,-1.021362,0.037624,0.005165,-0.005914,0.999276,-0.005716,-0.037615,0.005914,0.999969,0.005165,0.037584,-0.005384,0.999279,0.037615,-0.005165,-0.999279,0.002088,0.000557,-0.027912,0.000057,-0.000601,-0.000001,23.253735,27.716518,-1.000000,-1.000000,-1.000000
482149024.049094,0.051224,-0.007385,-1.023560,0.037624,0.005165,-0.005914,0.999276,-0.005716,-0.037615,0.005914,0.999969,0.005165,0.037584,-0.005384,0.999279,0.037615,-0.005165,-0.999279,0.002088,0.000557,-0.027912,0.000057,-0.000601,-0.000001,23.253735,27.716518,-1.000000,-1.000000,-1.000000
482149024.059096,0.046738,-0.000366,-1.009354,0.037624,0.005165,-0.005914,0.999276,-0.005716,-0.037615,0.005914,0.999969,0.005165,0.037584,-0.005384,0.999279,0.037615,-0.005165,-0.999279,0.002088,0.000557,-0.027912,0.000057,-0.000601,-0.000001,23.253735,27.716518,-1.000000,-1.000000,-1.000000
482149024.069181,0.067627,-0.001160,-1.014877,0.037624,0.005165,-0.005914,0.999276,-0.005716,-0.037615,0.005914,0.999969,0.005165,0.037584,-0.005384,0.999279,0.037615,-0.005165,-0.999279,0.002088,0.000557,-0.027912,0.000057,-0.000601,-0.000001,23.253735,27.716518,-1.000000,-1.000000,-1.000000
482149024.079148,0.044830,0.000397,-1.028900,0.037624,0.005165,-0.005914,0.999276,-0.005716,-0.037615,0.005914,0.999969,0.005165,0.037584,-0.005384,0.999279,0.037615,-0.005165,-0.999279,0.002088,0.000557,-0.027912,0.000057,-0.000601,-0.000001,23.253735,27.716518,-1.000000,-1.000000,-1.000000
482149024.088851,0.044830,0.000397,-1.028900,0.037624,0.005165,-0.005914,0.999276,-0.005716,-0.037615,0.005914,0.999969,0.005165,0.037584,-0.005384,0.999279,0.037615,-0.005165,-0.999279,0.002088,0.000557,-0.027912,0.000057,-0.000601,-0.000001,23.253735,27.716518,-1.000000,-1.000000,-1.000000
482149024.099112,0.036240,-0.005524,-1.017670,0.037624,0.005165,-0.005914,0.999276,-0.005716,-0.037615,0.005914,0.999969,0.005165,0.037584,-0.005384,0.999279,0.037615,-0.005165,-0.999279,0.002088,0.000557,-0.027912,0.000057,-0.000601,-0.000001,23.253735,27.716518,-1.000000,-1.000000,-1.000000
482149024.108146,0.023331,-0.001678,-1.013657,0.037624,0.005165,-0.005914,0.999276,-0.005716,-0.037615,0.005914,0.999969,0.005165,0.037584,-0.005384,0.999279,0.037615,-0.005165,-0.999279,0.002088,0.000557,-0.027912,0.000057,-0.000601,-0.000001,23.253735,27.716518,-1.000000,-1.000000,-1.000000
482149024.119123,0.035812,-0.010422,-1.011810,0.037624,0.005165,-0.005914,0.999276,-0.005716,-0.037615,0.005914,0.999969,0.005165,0.037584,-0.005384,0.999279,0.037615,-0.005165,-0.999279,0.002088,0.000557,-0.027912,0.000057,-0.000601,-0.000001,23.253735,27.716518,-1.000000,-1.000000,-1.000000
482149024.129098,0.059601,-0.010391,-1.034683,0.037624,0.005165,-0.005914,0.999276,-0.005716,-0.037615,0.005914,0.999969,0.005165,0.037584,-0.005384,0.999279,0.037615,-0.005165,-0.999279,0.002088,0.000557,-0.027912,0.000057,-0.000601,-0.000001,23.253735,27.716518,-1.000000,-1.000000,-1.000000
482149024.138880,0.034027,-0.011459,-1.015793,0.037624,0.005165,-0.005914,0.999276,-0.005716,-0.037615,0.005914,0.999969,0.005165,0.037584,-0.005384,0.999279,0.037615,-0.005165,-0.999279,0.002088,0.000557,-0.027912,0.000057,-0.000601,-0.000001,23.253735,27.716518,-1.000000,-1.000000,-1.000000
482149024.149146,-0.011276,-0.003250,-1.029297,0.037624,0.005165,-0.005914,0.999276,-0.005716,-0.037615,0.005914,0.999969,0.005165,0.037584,-0.005384,0.999279,0.037615,-0.005165,-0.999279,0.002088,0.000557,-0.027912,0.000057,-0.000601,-0.000001,23.253735,27.716518,-1.000000,-1.000000,-1.000000
482149024.159080,-0.012451,-0.008209,-1.028351,0.037624,0.005165,-0.005914,0.999276,-0.005716,-0.037615,0.005914,0.999969,0.005165,0.037584,-0.005384,0.999279,0.037615,-0.005165,-0.999279,0.002088,0.000557,-0.027912,0.000057,-0.000601,-0.000001,23.253735,27.716518,-1.000000,-1.000000,-1.000000
482149024.169249,-0.017624,-0.001266,-1.019989,0.037624,0.005165,-0.005914,0.999276,-0.005716,-0.037615,0.005914,0.999969,0.005165,0.037584,-0.005384,0.999279,0.037615,-0.005165,-0.999279,0.002088,0.000557,-0.027912,0.000057,-0.000601,-0.000001,23.253735,27.716518,-1.000000,-1.000000,-1.000000
482149024.178509,0.038483,-0.008560,-1.024307,0.037624,0.005165,-0.005914,0.999276,-0.005716,-0.037615,0.005914,0.999969,0.005165,0.037584,-0.005384,0.999279,0.037615,-0.005165,-0.999279,0.002088,0.000557,-0.027912,0.000057,-0.000601,-0.000001,23.253735,27.716518,-1.000000,-1.000000,-1.000000
482149024.189218,0.028885,-0.007706,-1.028778,0.037624,0.005165,-0.005914,0.999276,-0.005716,-0.037615,0.005914,0.999969,0.005165,0.037584,-0.005384,0.999279,0.037615,-0.005165,-0.999279,0.002088,0.000557,-0.027912,0.000057,-0.000601,-0.000001,23.253735,27.716518,-1.000000,-1.000000,-1.000000
482149024.199126,0.023880,-0.008560,-1.008667,0.037624,0.005165,-0.005914,0.999276,-0.005716,-0.037615,0.005914,0.999969,0.005165,0.037584,-0.005384,0.999279,0.037615,-0.005165,-0.999279,0.002088,0.000557,-0.027912,0.000057,-0.000601,-0.000001,23.253735,27.716518,-1.000000,-1.000000,-1.000000
482149024.209121,0.023880,-0.008560,-1.008667,0.037624,0.005165,-0.005914,0.999276,-0.005716,-0.037615,0.005914,0.999969,0.005165,0.037584,-0.005384,0.999279,0.037615,-0.005165,-0.999279,0.002088,0.000557,-0.027912,0.000057,-0.000601,-0.000001,23.253735,27.716518,-1.000000,-1.000000,-1.000000
482149024.219113,0.020432,-0.009888,-1.037033,0.037624,0.005165,-0.005914,0.999276,-0.005716,-0.037615,0.005914,0.999969,0.005165,0.037584,-0.005384,0.999279,0.037615,-0.005165,-0.999279,0.002088,0.000557,-0.027912,0.000057,-0.000601,-0.000001,23.253735,27.716518,-1.000000,-1.000000,-1.000000
482149024.229099,-0.019501,-0.008453,-1.043335,0.037624,0.005165,-0.005914,0.999276,-0.005716,-0.037615,0.005914,0.999969,0.005165,0.037584,-0.005384,0.999279,0.037615,-0.005165,-0.999279,0.002088,0.000557,-0.027912,0.000057,-0.000601,-0.000001,23.253735,27.716518,-1.000000,-1.000000,-1.000000
482149024.238553,0.019348,-0.010468,-0.998215,0.037624,0.005165,-0.005914,0.999276,-0.005716,-0.037615,0.005914,0.999969,0.005165,0.037584,-0.005384,0.999279,0.037615,-0.005165,-0.999279,0.002088,0.000557,-0.027912,0.000057,-0.000601,-0.000001,23.253735,27.716518,-1.000000,-1.000000,-1.000000
482149024.249120,0.042816,-0.001801,-1.047455,0.037624,0.005165,-0.005914,0.999276,-0.005716,-0.037615,0.005914,0.999969,0.005165,0.037584,-0.005384,0.999279,0.037615,-0.005165,-0.999279,0.002088,0.000557,-0.027912,0.000057,-0.000601,-0.000001,23.253735,27.716518,-1.000000,-1.000000,-1.000000
482149024.259230,0.054153,-0.010345,-1.024323,0.037624,0.005165,-0.005914,0.999276,-0.005716,-0.037615,0.005914,0.999969,0.005165,0.037584,-0.005384,0.999279,0.037615,-0.005165,-0.999279,0.002088,0.000557,-0.027912,0.000057,-0.000601,-0.000001,23.253735,27.716518,-1.000000,-1.000000,-1.000000
482149024.269256,0.103470,-0.004593,-1.005890,0.037624,0.005165,-0.005914,0.999276,-0.005716,-0.037615,0.005914,0.999969,0.005165,0.037584,-0.005384,0.999279,0.037615,-0.005165,-0.999279,0.002088,0.000557,-0.027912,0.000057,-0.000601,-0.000001,23.253735,27.716518,-1.000000,-1.000000,-1.000000
482149024.279176,0.048401,-0.003662,-1.042236,0.037624,0.005165,-0.005914,0.999276,-0.005716,-0.037615,0.005914,0.999969,0.005165,0.037584,-0.005384,0.999279,0.037615,-0.005165,-0.999279,0.002088,0.000557,-0.027912,0.000057,-0.000601,-0.000001,23.253735,27.716518,-1.000000,-1.000000,-1.000000
482149024.289175,0.027374,-0.004654,-1.017258,0.037624,0.005165,-0.005914,0.999276,-0.005716,-0.037615,0.005914,0.999969,0.005165,0.037584,-0.005384,0.999279,0.037615,-0.005165,-0.999279,0.002088,0.000557,-0.027912,0.000057,-0.000601,-0.000001,23.253735,27.716518,-1.000000,-1.000000,-1.000000
482149024.299157,0.089035,-0.003052,-1.030106,0.037624,0.005165,-0.005914,0.999276,-0.005716,-0.037615,0.005914,0.999969,0.005165,0.037584,-0.005384,0.999279,0.037615,-0.005165,-0.999279,0.002088,0.000557,-0.027912,0.000057,-0.000601,-0.000001,23.253735,27.716518,-1.000000,-1.000000,-1.000000
482149024.309198,0.113037,-0.002823,-1.037399,0.037624,0.005165,-0.005914,0.999276,-0.005716,-0.037615,0.005914,0.999969,0.005165,0.037584,-0.005384,0.999279,0.037615,-0.005165,-0.999279,0.002088,0.000557,-0.027912,0.000057,-0.000601,-0.000001,23.253735,27.716518,-1.000000,-1.000000,-1.000000
482149024.319011,0.113037,-0.002823,-1.037399,0.037624,0.005165,-0.005914,0.999276,-0.005716,-0.037615,0.005914,0.999969,0.005165,0.037584,-0.005384,0.999279,0.037615,-0.005165,-0.999279,0.002088,0.000557,-0.027912,0.000057,-0.000601,-0.000001,23.253735,27.716518,-1.000000,-1.000000,-1.000000
482149024.329232,0.126495,-0.009369,-1.016098,0.037624,0.005165,-0.005914,0.999276,-0.005716,-0.037615,0.005914,0.999969,0.005165,0.037584,-0.005384,0.999279,0.037615,-0.005165,-0.999279,0.002088,0.000557,-0.027912,0.000057,-0.000601,-0.000001,23.253735,27.716518,-1.000000,-1.000000,-1.000000
482149024.339052,0.110168,-0.003479,-1.002579,0.037624,0.005165,-0.005914,0.999276,-0.005716,-0.037615,0.005914,0.999969,0.005165,0.037584,-0.005384,0.999279,0.037615,-0.005165,-0.999279,0.002088,0.000557,-0.027912,0.000057,-0.000601,-0.000001,23.253735,27.716518,-1.000000,-1.000000,-1.000000
482149024.349198,0.008667,-0.000076,-1.033005,0.037624,0.005165,-0.005914,0.999276,-0.005716,-0.037615,0.005914,0.999969,0.005165,0.037584,-0.005384,0.999279,0.037615,-0.005165,-0.999279,0.002088,0.000557,-0.027912,0.000057,-0.000601,-0.000001,23.253735,27.716518,-1.000000,-1.000000,-1.000000
482149024.359176,-0.052444,-0.003784,-1.031754,0.037624,0.005165,-0.005914,0.999276,-0.005716,-0.037615,0.005914,0.999969,0.005165,0.037584,-0.005384,0.999279,0.037615,-0.005165,-0.999279,0.002088,0.000557,-0.027912,0.000057,-0.000601,-0.000001,23.253735,27.716518,-1.000000,-1.000000,-1.000000
482149024.369166,-0.033768,-0.005341,-1.014114,0.037624,0.005165,-0.005914,0.999276,-0.005716,-0.037615,0.005914,0.999969,0.005165,0.037584,-0.005384,0.999279,0.037615,-0.005165,-0.999279,0.002088,0.000557,-0.027912,0.000057,-0.000601,-0.000001,23.253735,27.716518,-1.000000,-1.000000,-1.000000
482149024.379184,0.045044,0.002518,-1.013367,0.037624,0.005165,-0.005914,0.999276,-0.005716,-0.037615,0.005914,0.999969,0.005165,0.037584,-0.005384,0.999279,0.037615,-0.005165,-0.999279,0.002088,0.000557,-0.027912,0.000057,-0.000601,-0.000001,23.253735,27.716518,-1.000000,-1.000000,-1.000000
482149024.389272,0.035141,-0.003738,-1.033325,0.037624,0.005165,-0.005914,0.999276,-0.005716,-0.037615,0.005914,0.999969,0.005165,0.037584,-0.005384,0.999279,0.037615,-0.005165,-0.999279,0.002088,0.000557,-0.027912,0.000057,-0.000601,-0.000001,23.253735,27.716518,-1.000000,-1.000000,-1.000000
482149024.399179,-0.002731,-0.004089,-1.023926,0.037624,0.005165,-0.005914,0.999276,-0.005716,-0.037615,0.005914,0.999969,0.005165,0.037584,-0.005384,0.999279,0.037615,-0.005165,-0.999279,0.002088,0.000557,-0.027912,0.000057,-0.000601,-0.000001,23.253735,27.716518,-1.000000,-1.000000,-1.000000
482149024.409123,-0.022125,-0.006363,-1.029907,0.037624,0.005165,-0.005914,0.999276,-0.005716,-0.037615,0.005914,0.999969,0.005165,0.037584,-0.005384,0.999279,0.037615,-0.005165,-0.999279,0.002088,0.000557,-0.027912,0.000057,-0.000601,-0.000001,23.253735,27.716518,-1.000000,-1.000000,-1.000000
482149024.419169,-0.026154,0.000549,-1.025375,0.037624,0.005165,-0.005914,0.999276,-0.005716,-0.037615,0.005914,0.999969,0.005165,0.037584,-0.005384,0.999279,0.037615,-0.005165,-0.999279,0.002088,0.000557,-0.027912,0.000057,-0.000601,-0.000001,23.253735,27.716518,-1.000000,-1.000000,-1.000000
482149024.428642,-0.026154,0.000549,-1.025375,0.037624,0.005165,-0.005914,0.999276,-0.005716,-0.037615,0.005914,0.999969,0.005165,0.037584,-0.005384,0.999279,0.037615,-0.005165,-0.999279,0.002088,0.000557,-0.027912,0.000057,-0.000601,-0.000001,23.253735,27.716518,-1.000000,-1.000000,-1.000000
482149024.439290,0.076508,-0.007019,-1.018173,0.037624,0.005165,-0.005914,0.999276,-0.005716,-0.037615,0.005914,0.999969,0.005165,0.037584,-0.005384,0.999279,0.037615,-0.005165,-0.999279,0.002088,0.000557,-0.027912,0.000057,-0.000601,-0.000001,23.253735,27.716518,-1.000000,-1.000000,-1.000000
482149024.449328,0.114838,-0.002777,-1.034378,0.037624,0.005165,-0.005914,0.999276,-0.005716,-0.037615,0.005914,0.999969,0.005165,0.037584,-0.005384,0.999279,0.037615,-0.005165,-0.999279,0.002088,0.000557,-0.027912,0.000057,-0.000601,-0.000001,23.253735,27.716518,-1.000000,-1.000000,-1.000000
482149024.459105,0.159225,-0.006042,-1.020020,0.030825,0.008423,-0.000114,0.999525,0.000145,-0.030819,0.000114,0.999965,0.008423,0.030819,-0.008423,0.999489,0.030819,-0.008423,-0.999489,-0.056973,0.008972,-0.025886,0.001244,-0.000637,0.003397,23.253735,27.716518,-1.000000,-1.000000,-1.000000
482149024.469174,0.098282,-0.004807,-1.019806,0.030824,0.008430,-0.000094,0.999525,0.000165,-0.030818,0.000094,0.999964,0.008430,0.030819,-0.008429,0.999489,0.030818,-0.008430,-0.999489,0.045689,0.001411,-0.018684,-0.001172,0.000566,0.003255,23.253735,27.716518,-1.000000,-1.000000,-1.000000
482149024.478554,0.034653,-0.006638,-1.025543,0.030802,0.008437,-0.000047,0.999526,0.000213,-0.030796,0.000047,0.999964,0.008437,0.030797,-0.008434,0.999490,0.030796,-0.008437,-0.999490,0.084042,0.005659,-0.034888,0.001177,-0.000627,0.004568,23.253735,27.716518,-1.000000,-1.000000,-1.000000
482149024.488303,0.093719,-0.001740,-1.006516,0.030790,0.008416,-0.000022,0.999526,0.000237,-0.030784,0.000022,0.999965,0.008416,0.030785,-0.008412,0.999491,0.030784,-0.008416,-0.999491,0.128441,0.002373,-0.020529,-0.002312,-0.000632,0.002037,23.253735,27.716518,-1.000000,-1.000000,-1.000000
482149024.499169,0.100952,0.005219,-1.010071,0.030801,0.008439,0.000030,0.999526,0.000290,-0.030795,-0.000030,0.999964,0.008439,0.030796,-0.008434,0.999490,0.030795,-0.008439,-0.999490,0.067487,0.003632,-0.020316,0.001110,0.000577,0.005723,23.253735,27.716518,-1.000000,-1.000000,-1.000000
482149024.509173,0.132217,-0.007492,-1.030380,0.030822,0.008329,0.000121,0.999525,0.000377,-0.030816,-0.000121,0.999965,0.008329,0.030818,-0.008322,0.999490,0.030816,-0.008329,-0.999490,0.003837,0.001692,-0.026053,-0.002113,0.004110,-0.001540,23.253735,27.716518,-1.000000,-1.000000,-1.000000
482149024.519107,0.109161,-0.004700,-1.021103,0.030822,0.008329,0.000121,0.999525,0.000377,-0.030816,-0.000121,0.999965,0.008329,0.030818,-0.008322,0.999490,0.030816,-0.008329,-0.999490,0.003837,0.001692,-0.026053,-0.002113,0.004110,-0.001540,23.253735,27.716518,-1.000000,-1.000000,-1.000000
482149024.529167,0.085068,-0.004883,-1.011856,0.030821,0.008353,0.000152,0.999525,0.000409,-0.030815,-0.000152,0.999965,0.008353,0.030818,-0.008344,0.999490,0.030815,-0.008353,-0.999490,0.062904,0.006613,-0.007025,0.007351,-0.003061,0.002572,23.253735,27.716518,-1.000000,-1.000000,-1.000000
482149024.538854,0.085068,-0.004883,-1.011856,0.030853,0.008432,0.000241,0.999524,0.000501,-0.030847,-0.000241,0.999964,0.008432,0.030850,-0.008421,0.999489,0.030847,-0.008432,-0.999489,0.101371,0.000940,-0.030892,0.001176,0.002954,0.004520,23.253735,27.716518,-1.000000,-1.000000,-1.000000
482149024.549096,-0.002350,-0.007156,-1.032593,0.030836,0.008445,0.000272,0.999525,0.000532,-0.030830,-0.000272,0.999964,0.008445,0.030833,-0.008432,0.999489,0.030830,-0.008445,-0.999489,0.078332,0.003745,-0.021614,0.003662,-0.006616,0.003602,23.253735,27.716518,-1.000000,-1.000000,-1.000000
482149024.559162,-0.037704,-0.003418,-1.013397,0.030836,0.008445,0.000272,0.999525,0.000532,-0.030830,-0.000272,0.999964,0.008445,0.030833,-0.008432,0.999489,0.030830,-0.008445,-0.999489,0.078332,0.003745,-0.021614,0.003662,-0.006616,0.003602,23.253735,27.716518,-1.000000,-1.000000,-1.000000
482149024.569270,-0.036621,-0.009598,-1.036560,0.030824,0.008385,0.000370,0.999525,0.000628,-0.030818,-0.000370,0.999965,0.008385,0.030822,-0.008370,0.999490,0.030818,-0.008385,-0.999490,0.054250,0.003502,-0.012366,-0.004660,-0.003020,0.000772,23.253735,27.716518,-1.000000,-1.000000,-1.000000
482149024.579189,0.014664,-0.005020,-1.037445,0.030785,0.008420,0.000418,0.999526,0.000676,-0.030779,-0.000418,0.999964,0.008419,0.030783,-0.008403,0.999491,0.030779,-0.008419,-0.999491,-0.033129,0.001263,-0.033102,0.006009,-0.001841,0.004835,23.253735,27.716518,-1.000000,-1.000000,-1.000000
482149024.589190,0.056808,-0.011215,-1.019287,0.030811,0.008348,0.000541,0.999525,0.000798,-0.030805,-0.000541,0.999965,0.008348,0.030811,-0.008327,0.999491,0.030805,-0.008348,-0.999491,-0.067426,-0.001250,-0.037070,-0.004929,0.001796,0.005393,23.253735,27.716518,-1.000000,-1.000000,-1.000000
482149024.599212,0.005981,-0.009933,-1.024292,0.030811,0.008348,0.000541,0.999525,0.000798,-0.030805,-0.000541,0.999965,0.008348,0.030811,-0.008327,0.999491,0.030805,-0.008348,-0.999491,-0.067426,-0.001250,-0.037070,-0.004929,0.001796,0.005393,23.253735,27.716518,-1.000000,-1.000000,-1.000000
482149024.609174,-0.075821,-0.001938,-1.016678,0.030800,0.008367,0.000545,0.999525,0.000803,-0.030794,-0.000545,0.999965,0.008367,0.030799,-0.008346,0.999491,0.030794,-0.008367,-0.999491,-0.016130,0.003347,-0.037954,-0.000971,0.000535,-0.000259,23.253735,27.716518,-1.000000,-1.000000,-1.000000
482149024.619171,-0.021774,-0.006256,-1.018250,0.030765,0.008381,0.000596,0.999526,0.000854,-0.030760,-0.000596,0.999965,0.008381,0.030766,-0.008358,0.999492,0.030760,-0.008381,-0.999492,-0.024778,-0.001553,-0.024800,-0.004594,0.000550,-0.000447,23.253735,27.716518,-1.000000,-1.000000,-1.000000
482149024.629592,0.057343,0.000595,-1.024277,0.030765,0.008381,0.000596,0.999526,0.000854,-0.030760,-0.000596,0.999965,0.008381,0.030766,-0.008358,0.999492,0.030760,-0.008381,-0.999492,-0.024778,-0.001553,-0.024800,-0.004594,0.000550,-0.000447,23.253735,27.716518,-1.000000,-1.000000,-1.000000
482149024.639164,0.059647,-0.004425,-1.032806,0.030765,0.008362,0.000556,0.999527,0.000813,-0.030759,-0.000556,0.999965,0.008362,0.030765,-0.008340,0.999492,0.030759,-0.008362,-0.999492,-0.106580,0.006424,-0.017186,-0.003185,-0.000680,-0.003882,23.253735,27.716518,-1.000000,-1.000000,-1.000000
482149024.649177,0.081360,-0.008942,-1.017838,0.030742,0.008347,0.000623,0.999527,0.000879,-0.030736,-0.000623,0.999965,0.008347,0.030742,-0.008324,0.999493,0.030736,-0.008347,-0.999493,-0.052510,0.002091,-0.018757,-0.002647,-0.001774,0.007909,23.253735,27.716518,-1.000000,-1.000000,-1.000000
482149024.659170,0.092865,0.001205,-1.007584,0.030714,0.008331,0.000680,0.999528,0.000936,-0.030708,-0.000680,0.999965,0.008331,0.030715,-0.008306,0.999494,0.030708,-0.008331,-0.999494,0.026634,0.008926,-0.024783,-0.002580,-0.002978,0.006754,23.253735,27.716518,-1.000000,-1.000000,-1.000000
482149024.668752,0.092865,0.001205,-1.007584,0.030714,0.008331,0.000680,0.999528,0.000936,-0.030708,-0.000680,0.999965,0.008331,0.030715,-0.008306,0.999494,0.030708,-0.008331,-0.999494,0.026634,0.008926,-0.024783,-0.002580,-0.002978,0.006754,23.253735,27.716518,-1.000000,-1.000000,-1.000000
482149024.679209,0.009384,-0.002014,-1.029037,0.030707,0.008329,0.000731,0.999528,0.000986,-0.030701,-0.000731,0.999965,0.008328,0.030709,-0.008302,0.999494,0.030701,-0.008328,-0.999494,0.050658,-0.000613,-0.018344,0.006210,-0.001873,0.001321,23.253735,27.716518,-1.000000,-1.000000,-1.000000
482149024.689214,0.049026,-0.009354,-1.019775,0.030679,0.008363,0.000768,0.999529,0.001024,-0.030673,-0.000768,0.999965,0.008363,0.030681,-0.008335,0.999494,0.030673,-0.008363,-0.999494,0.062192,0.009568,-0.008089,0.001246,-0.006606,0.003476,23.253735,27.716518,-1.000000,-1.000000,-1.000000
482149024.699192,0.092224,-0.008026,-1.036636,0.030640,0.008382,0.000835,0.999530,0.001091,-0.030634,-0.000835,0.999965,0.008382,0.030642,-0.008353,0.999496,0.030634,-0.008382,-0.999496,-0.021250,0.006368,-0.029542,0.006007,0.001740,0.004788,23.253735,27.716518,-1.000000,-1.000000,-1.000000
482149024.709312,0.079681,-0.012192,-1.043167,0.030640,0.008382,0.000835,0.999530,0.001091,-0.030634,-0.000835,0.999965,0.008382,0.030642,-0.008353,0.999496,0.030634,-0.008382,-0.999496,-0.021250,0.006368,-0.029542,0.006007,0.001740,0.004788,23.253735,27.716518,-1.000000,-1.000000,-1.000000
482149024.719356,0.137894,-0.009155,-1.008636,0.030644,0.008449,0.000905,0.999530,0.001163,-0.030638,-0.000905,0.999964,0.008449,0.030647,-0.008417,0.999495,0.030638,-0.008449,-0.999495,0.018388,-0.000905,-0.020281,0.008290,-0.000637,0.007287,23.253735,27.716518,-1.000000,-1.000000,-1.000000
482149024.728894,0.115219,-0.004639,-1.023636,0.030610,0.008479,0.000994,0.999531,0.001253,-0.030604,-0.000994,0.999964,0.008479,0.030614,-0.008444,0.999496,0.030604,-0.008479,-0.999496,0.049077,-0.003713,-0.043671,0.002653,-0.001868,-0.000039,23.253735,27.716518,-1.000000,-1.000000,-1.000000
482149024.738386,0.015228,-0.003922,-1.028671,0.030610,0.008479,0.000994,0.999531,0.001253,-0.030604,-0.000994,0.999964,0.008479,0.030614,-0.008444,0.999496,0.030604,-0.008479,-0.999496,0.049077,-0.003713,-0.043671,0.002653,-0.001868,-0.000039,23.253735,27.716518,-1.000000,-1.000000,-1.000000
482149024.749184,-0.036469,-0.013580,-1.041367,0.030598,0.008492,0.000998,0.999531,0.001257,-0.030593,-0.000998,0.999963,0.008492,0.030602,-0.008457,0.999496,0.030593,-0.008492,-0.999496,0.107301,-0.000664,-0.009141,0.000371,0.000508,-0.002538,23.253735,27.716518,-1.000000,-1.000000,-1.000000
482149024.759172,-0.049332,-0.004776,-1.035446,0.030520,0.008546,0.000985,0.999534,0.001246,-0.030514,-0.000985,0.999963,0.008546,0.030524,-0.008512,0.999498,0.030514,-0.008546,-0.999498,0.084705,0.003908,-0.024138,-0.000031,-0.001816,0.004521,23.253735,27.716518,-1.000000,-1.000000,-1.000000
482149024.769144,0.051666,-0.008286,-1.013824,0.030536,0.008569,0.001038,0.999533,0.001299,-0.030530,-0.001038,0.999963,0.008569,0.030540,-0.008534,0.999497,0.030530,-0.008569,-0.999497,-0.015302,0.004648,-0.029174,0.004666,0.000572,0.007083,23.253735,27.716518,-1.000000,-1.000000,-1.000000
482149024.779166,0.051666,-0.008286,-1.013824,0.030536,0.008569,0.001038,0.999533,0.001299,-0.030530,-0.001038,0.999963,0.008569,0.030540,-0.008534,0.999497,0.030530,-0.008569,-0.999497,-0.015302,0.004648,-0.029174,0.004666,0.000572,0.007083,23.253735,27.716518,-1.000000,-1.000000,-1.000000
482149024.789223,0.003265,0.000931,-1.023621,0.030507,0.008565,0.001153,0.999534,0.001414,-0.030502,-0.001153,0.999963,0.008565,0.030513,-0.008526,0.999498,0.030502,-0.008565,-0.999498,-0.079833,0.003789,-0.035948,-0.001506,-0.004155,0.009175,23.253735,27.716518,-1.000000,-1.000000,-1.000000
482149024.799175,0.001343,-0.009842,-1.010971,0.030490,0.008532,0.001210,0.999534,0.001469,-0.030485,-0.001210,0.999963,0.008532,0.030496,-0.008491,0.999499,0.030485,-0.008532,-0.999499,-0.079816,0.003756,-0.035947,-0.001372,-0.002983,0.006817,23.253735,27.716518,-1.000000,-1.000000,-1.000000
482149024.809357,-0.039963,-0.001587,-1.025208,0.030396,0.008540,0.001283,0.999537,0.001542,-0.030390,-0.001283,0.999963,0.008540,0.030402,-0.008497,0.999502,0.030390,-0.008540,-0.999502,-0.027125,0.009471,-0.024119,0.002453,-0.005417,0.003523,23.253735,27.716518,-1.000000,-1.000000,-1.000000
482149024.819132,-0.069443,-0.006134,-1.046356,0.030396,0.008540,0.001283,0.999537,0.001542,-0.030390,-0.001283,0.999963,0.008540,0.030402,-0.008497,0.999502,0.030390,-0.008540,-0.999502,-0.027125,0.009471,-0.024119,0.002453,-0.005417,0.003523,23.253735,27.716518,-1.000000,-1.000000,-1.000000
482149024.829178,0.023697,-0.005737,-1.022308,0.030362,0.008565,0.001250,0.999538,0.001509,-0.030357,-0.001250,0.999963,0.008565,0.030368,-0.008523,0.999502,0.030357,-0.008565,-0.999502,-0.029014,-0.001277,-0.011469,0.001781,-0.004303,-0.005925,23.253735,27.716518,-1.000000,-1.000000,-1.000000
482149024.839427,0.066620,-0.000183,-1.013977,0.030350,0.008561,0.001360,0.999538,0.001619,-0.030345,-0.001360,0.999962,0.008561,0.030357,-0.008516,0.999503,0.030345,-0.008561,-0.999503,-0.099787,0.002427,-0.046853,-0.000031,-0.003009,0.004537,23.253735,27.716518,-1.000000,-1.000000,-1.000000
482149024.849181,0.088608,-0.009918,-1.025162,0.030350,0.008561,0.001360,0.999538,0.001619,-0.030345,-0.001360,0.999962,0.008561,0.030357,-0.008516,0.999503,0.030345,-0.008561,-0.999503,-0.099787,0.002427,-0.046853,-0.000031,-0.003009,0.004537,23.253735,27.716518,-1.000000,-1.000000,-1.000000
482149024.859166,0.144165,-0.002380,-1.030701,0.030350,0.008529,0.001384,0.999538,0.001642,-0.030344,-0.001384,0.999963,0.008529,0.030357,-0.008483,0.999503,0.030344,-0.008529,-0.999503,-0.006647,0.002791,-0.022805,-0.005936,-0.001811,0.001864,23.253735,27.716518,-1.000000,-1.000000,-1.000000
482149024.869169,0.018097,-0.000702,-1.007172,0.030343,0.008530,0.001494,0.999538,0.001752,-0.030337,-0.001494,0.999963,0.008530,0.030351,-0.008481,0.999503,0.030337,-0.008530,-0.999503,0.036282,0.008347,-0.014474,0.005874,-0.001820,0.007178,23.253735,27.716518,-1.000000,-1.000000,-1.000000
482149024.879164,0.048782,-0.000381,-1.011169,0.030326,0.008498,0.001540,0.999539,0.001797,-0.030321,-0.001540,0.999963,0.008497,0.030335,-0.008447,0.999504,0.030321,-0.008497,-0.999504,0.058287,-0.001421,-0.025658,-0.007412,-0.001764,0.006487,23.253735,27.716518,-1.000000,-1.000000,-1.000000
482149024.889261,0.048782,-0.000381,-1.011169,0.030326,0.008498,0.001540,0.999539,0.001797,-0.030321,-0.001540,0.999963,0.008497,0.030335,-0.008447,0.999504,0.030321,-0.008497,-0.999504,0.058287,-0.001421,-0.025658,-0.007412,-0.001764,0.006487,23.253735,27.716518,-1.000000,-1.000000,-1.000000
482149024.899208,0.069977,-0.008179,-1.025345,0.030309,0.008435,0.001524,0.999539,0.001779,-0.030303,-0.001524,0.999963,0.008435,0.030317,-0.008385,0.999505,0.030303,-0.008435,-0.999505,-0.012206,0.007733,-0.007666,0.001578,-0.000691,-0.002460,23.253735,27.716518,-1.000000,-1.000000,-1.000000
482149024.909215,0.087402,-0.012894,-1.022293,0.030292,0.008398,0.001549,0.999540,0.001802,-0.030286,-0.001549,0.999964,0.008398,0.030300,-0.008347,0.999506,0.030286,-0.008398,-0.999506,0.018496,0.008016,-0.011663,-0.003455,0.004136,0.000739,23.253735,27.716518,-1.000000,-1.000000,-1.000000
482149024.919120,0.096756,0.000061,-1.025787,0.030292,0.008398,0.001549,0.999540,0.001802,-0.030286,-0.001549,0.999964,0.008398,0.030300,-0.008347,0.999506,0.030286,-0.008398,-0.999506,0.018496,0.008016,-0.011663,-0.003455,0.004136,0.000739,23.253735,27.716518,-1.000000,-1.000000,-1.000000
482149024.929225,0.081024,-0.009888,-1.012024,0.030313,0.008456,0.001611,0.999539,0.001866,-0.030307,-0.001611,0.999963,0.008456,0.030322,-0.008403,0.999505,0.030307,-0.008456,-0.999505,0.039670,0.000277,-0.025840,0.012114,-0.000684,0.003962,23.253735,27.716518,-1.000000,-1.000000,-1.000000
482149024.939177,-0.003067,-0.003235,-1.035599,0.030307,0.008436,0.001614,0.999539,0.001869,-0.030301,-0.001614,0.999963,0.008436,0.030316,-0.008383,0.999505,0.030301,-0.008436,-0.999505,0.057101,-0.004458,-0.022788,-0.004528,0.000539,-0.001618,23.253735,27.716518,-1.000000,-1.000000,-1.000000
482149024.949171,0.017578,-0.012711,-1.021622,0.030316,0.008444,0.001653,0.999539,0.001909,-0.030311,-0.001653,0.999963,0.008444,0.030326,-0.008390,0.999505,0.030311,-0.008444,-0.999505,0.050714,-0.001443,-0.012519,-0.002313,-0.000633,0.002037,23.253735,27.716518,-1.000000,-1.000000,-1.000000
482149024.959161,-0.077499,0.001770,-1.039154,0.030316,0.008444,0.001653,0.999539,0.001909,-0.030311,-0.001653,0.999963,0.008444,0.030326,-0.008390,0.999505,0.030311,-0.008444,-0.999505,0.050714,-0.001443,-0.012519,-0.002313,-0.000633,0.002037,23.253735,27.716518,-1.000000,-1.000000,-1.000000
482149024.969208,0.053101,-0.011307,-1.023407,0.030316,0.008424,0.001651,0.999539,0.001906,-0.030310,-0.001651,0.999963,0.008424,0.030325,-0.008370,0.999505,0.030310,-0.008424,-0.999505,0.050714,-0.001463,-0.012519,-0.001039,-0.000649,0.000928,23.253735,27.716518,-1.000000,-1.000000,-1.000000
482149024.979390,0.071075,-0.003220,-1.025345,0.030282,0.008377,0.001701,0.999540,0.001954,-0.030276,-0.001701,0.999963,0.008377,0.030292,-0.008322,0.999506,0.030276,-0.008377,-0.999506,-0.012698,-0.004334,-0.022115,-0.008017,-0.001854,-0.004118,23.253735,27.716518,-1.000000,-1.000000,-1.000000
482149024.989020,0.071075,-0.003220,-1.025345,0.030298,0.008396,0.001699,0.999539,0.001953,-0.030292,-0.001699,0.999963,0.008396,0.030307,-0.008340,0.999506,0.030292,-0.008396,-0.999506,-0.107791,0.010166,-0.039648,0.006275,0.001697,0.000102,23.253735,27.716518,-1.000000,-1.000000,-1.000000
482149024.999145,-0.017456,-0.003265,-1.023834,0.030298,0.008396,0.001699,0.999539,0.001953,-0.030292,-0.001699,0.999963,0.008396,0.030307,-0.008340,0.999506,0.030292,-0.008396,-0.999506,-0.107791,0.010166,-0.039648,0.006275,0.001697,0.000102,23.253735,27.716518,-1.000000,-1.000000,-1.000000
482149025.009177,-0.009964,-0.006104,-1.018478,0.030324,0.008303,0.001779,0.999538,0.002030,-0.030319,-0.001779,0.999964,0.008303,0.030335,-0.008245,0.999506,0.030319,-0.008303,-0.999506,0.040757,0.005084,-0.025839,-0.004797,0.001775,0.003050,23.253735,27.716518,-1.000000,-1.000000,-1.000000
482149025.019168,-0.083893,0.003784,-1.028870,0.030351,0.008308,0.001896,0.999537,0.002147,-0.030346,-0.001896,0.999964,0.008308,0.030362,-0.008246,0.999505,0.030346,-0.008308,-0.999505,0.040730,0.005088,-0.025840,0.000572,0.001855,0.015077,23.253735,27.716518,-1.000000,-1.000000,-1.000000
482149025.029186,0.012390,-0.009750,-1.015167,0.030351,0.008308,0.001896,0.999537,0.002147,-0.030346,-0.001896,0.999964,0.008308,0.030362,-0.008246,0.999505,0.030346,-0.008308,-0.999505,0.040730,0.005088,-0.025840,0.000572,0.001855,0.015077,23.253735,27.716518,-1.000000,-1.000000,-1.000000
482149025.039174,0.139816,-0.008133,-1.007553,0.030345,0.008283,0.001930,0.999537,0.002180,-0.030339,-0.001930,0.999964,0.008283,0.030356,-0.008221,0.999505,0.030339,-0.008283,-0.999505,-0.040303,0.002180,-0.018973,-0.003521,0.000566,0.001958,23.253735,27.716518,-1.000000,-1.000000,-1.000000
