Timestamp,Accel_X,Accel_Y,Accel_Z,Roll,Pitch,Yaw,RM11,RM12,RM13,RM21,RM22,RM23,RM31,RM32,RM33,GravAcc_X,GravAcc_Y,GravAcc_Z,UserAcc_X,UserAcc_Y,UserAcc_Z,RotRate_X,RotRate_Y,RotRate_Z,MagHeading,TrueHeading,HeadingAccuracy,Course,Speed
482149488.206867,0.023254,-0.008652,-1.015518,0.038614,0.005919,-0.013880,0.999161,-0.013641,-0.038604,0.013880,0.999886,0.005919,0.038519,-0.006450,0.999237,0.038604,-0.005919,-0.999237,0.000901,-0.000642,-0.025024,0.003869,0.002394,-0.002817,23.322592,27.785378,-1.000000,-1.000000,-1.000000
482149488.215185,-0.026642,-0.004532,-1.037018,0.038614,0.005919,-0.013880,0.999161,-0.013641,-0.038604,0.013880,0.999886,0.005919,0.038519,-0.006450,0.999237,0.038604,-0.005919,-0.999237,0.000901,-0.000642,-0.025024,0.003869,0.002394,-0.002817,23.322592,27.785378,-1.000000,-1.000000,-1.000000
482149488.225517,-0.003860,-0.008041,-1.022964,0.038614,0.005919,-0.013880,0.999161,-0.013641,-0.038604,0.013880,0.999886,0.005919,0.038519,-0.006450,0.999237,0.038604,-0.005919,-0.999237,0.000901,-0.000642,-0.025024,0.003869,0.002394,-0.002817,23.322592,27.785378,-1.000000,-1.000000,-1.000000
482149488.236818,-0.003860,-0.008041,-1.022964,0.038614,0.005919,-0.013880,0.999161,-0.013641,-0.038604,0.013880,0.999886,0.005919,0.038519,-0.006450,0.999237,0.038604,-0.005919,-0.999237,0.000901,-0.000642,-0.025024,0.003869,0.002394,-0.002817,23.322592,27.785378,-1.000000,-1.000000,-1.000000
482149488.246175,0.021118,-0.003662,-1.009888,0.038614,0.005919,-0.013880,0.999161,-0.013641,-0.038604,0.013880,0.999886,0.005919,0.038519,-0.006450,0.999237,0.038604,-0.005919,-0.999237,0.000901,-0.000642,-0.025024,0.003869,0.002394,-0.002817,23.322592,27.785378,-1.000000,-1.000000,-1.000000
482149488.256148,0.006042,-0.005966,-1.023361,0.038614,0.005919,-0.013880,0.999161,-0.013641,-0.038604,0.013880,0.999886,0.005919,0.038519,-0.006450,0.999237,0.038604,-0.005919,-0.999237,0.000901,-0.000642,-0.025024,0.003869,0.002394,-0.002817,23.322592,27.785378,-1.000000,-1.000000,-1.000000
482149488.265387,0.026306,-0.012772,-1.037613,0.038614,0.005919,-0.013880,0.999161,-0.013641,-0.038604,0.013880,0.999886,0.005919,0.038519,-0.006450,0.999237,0.038604,-0.005919,-0.999237,0.000901,-0.000642,-0.025024,0.003869,0.002394,-0.002817,23.322592,27.785378,-1.000000,-1.000000,-1.000000
482149488.275854,0.030426,-0.010788,-1.040298,0.038614,0.005919,-0.013880,0.999161,-0.013641,-0.038604,0.013880,0.999886,0.005919,0.038519,-0.006450,0.999237,0.038604,-0.005919,-0.999237,0.000901,-0.000642,-0.025024,0.003869,0.002394,-0.002817,23.322592,27.785378,-1.000000,-1.000000,-1.000000
482149488.285302,0.091370,-0.010834,-1.022095,0.038614,0.005919,-0.013880,0.999161,-0.013641,-0.038604,0.013880,0.999886,0.005919,0.038519,-0.006450,0.999237,0.038604,-0.005919,-0.999237,0.000901,-0.000642,-0.025024,0.003869,0.002394,-0.002817,23.322592,27.785378,-1.000000,-1.000000,-1.000000
482149488.295346,0.029663,-0.001495,-1.003555,0.038614,0.005919,-0.013880,0.999161,-0.013641,-0.038604,0.013880,0.999886,0.005919,0.038519,-0.006450,0.999237,0.038604,-0.005919,-0.999237,0.000901,-0.000642,-0.025024,0.003869,0.002394,-0.002817,23.322592,27.785378,-1.000000,-1.000000,-1.000000
482149488.306090,0.045303,-0.003479,-1.021042,0.038614,0.005919,-0.013880,0.999161,-0.013641,-0.038604,0.013880,0.999886,0.005919,0.038519,-0.006450,0.999237,0.038604,-0.005919,-0.999237,0.000901,-0.000642,-0.025024,0.003869,0.002394,-0.002817,23.322592,27.785378,-1.000000,-1.000000,-1.000000
482149488.315779,0.053802,-0.007278,-1.016602,0.038614,0.005919,-0.013880,0.999161,-0.013641,-0.038604,0.013880,0.999886,0.005919,0.038519,-0.006450,0.999237,0.038604,-0.005919,-0.999237,0.000901,-0.000642,-0.025024,0.003869,0.002394,-0.002817,23.322592,27.785378,-1.000000,-1.000000,-1.000000
482149488.326020,0.008347,-0.010971,-1.031891,0.038614,0.005919,-0.013880,0.999161,-0.013641,-0.038604,0.013880,0.999886,0.005919,0.038519,-0.006450,0.999237,0.038604,-0.005919,-0.999237,0.000901,-0.000642,-0.025024,0.003869,0.002394,-0.002817,23.322592,27.785378,-1.000000,-1.000000,-1.000000
482149488.336339,-0.012558,-0.011169,-1.027328,0.038614,0.005919,-0.013880,0.999161,-0.013641,-0.038604,0.013880,0.999886,0.005919,0.038519,-0.006450,0.999237,0.038604,-0.005919,-0.999237,0.000901,-0.000642,-0.025024,0.003869,0.002394,-0.002817,23.322592,27.785378,-1.000000,-1.000000,-1.000000
482149488.346086,-0.054825,-0.007706,-1.026016,0.038614,0.005919,-0.013880,0.999161,-0.013641,-0.038604,0.013880,0.999886,0.005919,0.038519,-0.006450,0.999237,0.038604,-0.005919,-0.999237,0.000901,-0.000642,-0.025024,0.003869,0.002394,-0.002817,23.322592,27.785378,-1.000000,-1.000000,-1.000000
482149488.355969,-0.054825,-0.007706,-1.026016,0.038614,0.005919,-0.013880,0.999161,-0.013641,-0.038604,0.013880,0.999886,0.005919,0.038519,-0.006450,0.999237,0.038604,-0.005919,-0.999237,0.000901,-0.000642,-0.025024,0.003869,0.002394,-0.002817,23.322592,27.785378,-1.000000,-1.000000,-1.000000
482149488.366295,0.035400,-0.003784,-1.038162,0.038614,0.005919,-0.013880,0.999161,-0.013641,-0.038604,0.013880,0.999886,0.005919,0.038519,-0.006450,0.999237,0.038604,-0.005919,-0.999237,0.000901,-0.000642,-0.025024,0.003869,0.002394,-0.002817,23.322592,27.785378,-1.000000,-1.000000,-1.000000
482149488.375914,-0.000443,-0.009109,-1.032455,0.038614,0.005919,-0.013880,0.999161,-0.013641,-0.038604,0.013880,0.999886,0.005919,0.038519,-0.006450,0.999237,0.038604,-0.005919,-0.999237,0.000901,-0.000642,-0.025024,0.003869,0.002394,-0.002817,23.322592,27.785378,-1.000000,-1.000000,-1.000000
482149488.386332,-0.022293,-0.010315,-1.028900,0.038614,0.005919,-0.013880,0.999161,-0.013641,-0.038604,0.013880,0.999886,0.005919,0.038519,-0.006450,0.999237,0.038604,-0.005919,-0.999237,0.000901,-0.000642,-0.025024,0.003869,0.002394,-0.002817,23.322592,27.785378,-1.000000,-1.000000,-1.000000
482149488.396145,0.022400,-0.015625,-1.021301,0.038614,0.005919,-0.013880,0.999161,-0.013641,-0.038604,0.013880,0.999886,0.005919,0.038519,-0.006450,0.999237,0.038604,-0.005919,-0.999237,0.000901,-0.000642,-0.025024,0.003869,0.002394,-0.002817,23.322592,27.785378,-1.000000,-1.000000,-1.000000
482149488.406198,0.044342,-0.004700,-1.040512,0.038614,0.005919,-0.013880,0.999161,-0.013641,-0.038604,0.013880,0.999886,0.005919,0.038519,-0.006450,0.999237,0.038604,-0.005919,-0.999237,0.000901,-0.000642,-0.025024,0.003869,0.002394,-0.002817,23.322592,27.785378,-1.000000,-1.000000,-1.000000
482149488.416202,0.091705,-0.019852,-1.032639,0.038614,0.005919,-0.013880,0.999161,-0.013641,-0.038604,0.013880,0.999886,0.005919,0.038519,-0.006450,0.999237,0.038604,-0.005919,-0.999237,0.000901,-0.000642,-0.025024,0.003869,0.002394,-0.002817,23.322592,27.785378,-1.000000,-1.000000,-1.000000
482149488.426211,0.020294,-0.005875,-1.032227,0.038614,0.005919,-0.013880,0.999161,-0.013641,-0.038604,0.013880,0.999886,0.005919,0.038519,-0.006450,0.999237,0.038604,-0.005919,-0.999237,0.000901,-0.000642,-0.025024,0.003869,0.002394,-0.002817,23.322592,27.785378,-1.000000,-1.000000,-1.000000
482149488.436158,0.059998,-0.015228,-1.025848,0.038614,0.005919,-0.013880,0.999161,-0.013641,-0.038604,0.013880,0.999886,0.005919,0.038519,-0.006450,0.999237,0.038604,-0.005919,-0.999237,0.000901,-0.000642,-0.025024,0.003869,0.002394,-0.002817,23.322592,27.785378,-1.000000,-1.000000,-1.000000
482149488.446144,0.077560,-0.006042,-1.019073,0.038614,0.005919,-0.013880,0.999161,-0.013641,-0.038604,0.013880,0.999886,0.005919,0.038519,-0.006450,0.999237,0.038604,-0.005919,-0.999237,0.000901,-0.000642,-0.025024,0.003869,0.002394,-0.002817,23.322592,27.785378,-1.000000,-1.000000,-1.000000
482149488.456218,0.025467,-0.014816,-1.041519,0.038614,0.005919,-0.013880,0.999161,-0.013641,-0.038604,0.013880,0.999886,0.005919,0.038519,-0.006450,0.999237,0.038604,-0.005919,-0.999237,0.000901,-0.000642,-0.025024,0.003869,0.002394,-0.002817,23.322592,27.785378,-1.000000,-1.000000,-1.000000
482149488.465747,0.025467,-0.014816,-1.041519,0.038614,0.005919,-0.013880,0.999161,-0.013641,-0.038604,0.013880,0.999886,0.005919,0.038519,-0.006450,0.999237,0.038604,-0.005919,-0.999237,0.000901,-0.000642,-0.025024,0.003869,0.002394,-0.002817,23.322592,27.785378,-1.000000,-1.000000,-1.000000
482149488.476177,-0.035324,-0.005447,-1.021957,0.038614,0.005919,-0.013880,0.999161,-0.013641,-0.038604,0.013880,0.999886,0.005919,0.038519,-0.006450,0.999237,0.038604,-0.005919,-0.999237,0.000901,-0.000642,-0.025024,0.003869,0.002394,-0.002817,23.322592,27.785378,-1.000000,-1.000000,-1.000000
482149488.486169,0.063629,-0.010345,-1.036362,0.038614,0.005919,-0.013880,0.999161,-0.013641,-0.038604,0.013880,0.999886,0.005919,0.038519,-0.006450,0.999237,0.038604,-0.005919,-0.999237,0.000901,-0.000642,-0.025024,0.003869,0.002394,-0.002817,23.322592,27.785378,-1.000000,-1.000000,-1.000000
482149488.496140,0.002563,-0.008881,-1.014816,0.038614,0.005919,-0.013880,0.999161,-0.013641,-0.038604,0.013880,0.999886,0.005919,0.038519,-0.006450,0.999237,0.038604,-0.005919,-0.999237,0.000901,-0.000642,-0.025024,0.003869,0.002394,-0.002817,23.322592,27.785378,-1.000000,-1.000000,-1.000000
482149488.506146,-0.017181,-0.006317,-1.030579,0.038614,0.005919,-0.013880,0.999161,-0.013641,-0.038604,0.013880,0.999886,0.005919,0.038519,-0.006450,0.999237,0.038604,-0.005919,-0.999237,0.000901,-0.000642,-0.025024,0.003869,0.002394,-0.002817,23.322592,27.785378,-1.000000,-1.000000,-1.000000
482149488.516158,0.015869,-0.010818,-1.025635,0.038614,0.005919,-0.013880,0.999161,-0.013641,-0.038604,0.013880,0.999886,0.005919,0.038519,-0.006450,0.999237,0.038604,-0.005919,-0.999237,0.000901,-0.000642,-0.025024,0.003869,0.002394,-0.002817,23.322592,27.785378,-1.000000,-1.000000,-1.000000
482149488.525787,0.014282,-0.000153,-1.046265,0.038614,0.005919,-0.013880,0.999161,-0.013641,-0.038604,0.013880,0.999886,0.005919,0.038519,-0.006450,0.999237,0.038604,-0.005919,-0.999237,0.000901,-0.000642,-0.025024,0.003869,0.002394,-0.002817,23.322592,27.785378,-1.000000,-1.000000,-1.000000
482149488.536192,0.102524,-0.009384,-0.990326,0.038614,0.005919,-0.013880,0.999161,-0.013641,-0.038604,0.013880,0.999886,0.005919,0.038519,-0.006450,0.999237,0.038604,-0.005919,-0.999237,0.000901,-0.000642,-0.025024,0.003869,0.002394,-0.002817,23.322592,27.785378,-1.000000,-1.000000,-1.000000
482149488.545576,0.029617,0.004471,-0.999756,0.038614,0.005919,-0.013880,0.999161,-0.013641,-0.038604,0.013880,0.999886,0.005919,0.038519,-0.006450,0.999237,0.038604,-0.005919,-0.999237,0.000901,-0.000642,-0.025024,0.003869,0.002394,-0.002817,23.322592,27.785378,-1.000000,-1.000000,-1.000000
482149488.555468,0.061035,-0.005280,-1.022034,0.038614,0.005919,-0.013880,0.999161,-0.013641,-0.038604,0.013880,0.999886,0.005919,0.038519,-0.006450,0.999237,0.038604,-0.005919,-0.999237,0.000901,-0.000642,-0.025024,0.003869,0.002394,-0.002817,23.322592,27.785378,-1.000000,-1.000000,-1.000000
482149488.566233,0.097336,-0.003830,-1.019882,0.038614,0.005919,-0.013880,0.999161,-0.013641,-0.038604,0.013880,0.999886,0.005919,0.038519,-0.006450,0.999237,0.038604,-0.005919,-0.999237,0.000901,-0.000642,-0.025024,0.003869,0.002394,-0.002817,23.322592,27.785378,-1.000000,-1.000000,-1.000000
482149488.575632,0.097336,-0.003830,-1.019882,0.038614,0.005919,-0.013880,0.999161,-0.013641,-0.038604,0.013880,0.999886,0.005919,0.038519,-0.006450,0.999237,0.038604,-0.005919,-0.999237,0.000901,-0.000642,-0.025024,0.003869,0.002394,-0.002817,23.322592,27.785378,-1.000000,-1.000000,-1.000000
482149488.586289,0.077179,-0.010925,-1.014191,0.038614,0.005919,-0.013880,0.999161,-0.013641,-0.038604,0.013880,0.999886,0.005919,0.038519,-0.006450,0.999237,0.038604,-0.005919,-0.999237,0.000901,-0.000642,-0.025024,0.003869,0.002394,-0.002817,23.322592,27.785378,-1.000000,-1.000000,-1.000000
482149488.596133,0.007080,-0.014114,-1.046509,0.038614,0.005919,-0.013880,0.999161,-0.013641,-0.038604,0.013880,0.999886,0.005919,0.038519,-0.006450,0.999237,0.038604,-0.005919,-0.999237,0.000901,-0.000642,-0.025024,0.003869,0.002394,-0.002817,23.322592,27.785378,-1.000000,-1.000000,-1.000000
482149488.605615,-0.070389,-0.002960,-1.027023,0.038614,0.005919,-0.013880,0.999161,-0.013641,-0.038604,0.013880,0.999886,0.005919,0.038519,-0.006450,0.999237,0.038604,-0.005919,-0.999237,0.000901,-0.000642,-0.025024,0.003869,0.002394,-0.002817,23.322592,27.785378,-1.000000,-1.000000,-1.000000
482149488.616227,0.017471,-0.008942,-1.036255,0.038614,0.005919,-0.013880,0.999161,-0.013641,-0.038604,0.013880,0.999886,0.005919,0.038519,-0.006450,0.999237,0.038604,-0.005919,-0.999237,0.000901,-0.000642,-0.025024,0.003869,0.002394,-0.002817,23.322592,27.785378,-1.000000,-1.000000,-1.000000
482149488.626248,-0.028915,-0.007263,-1.013779,0.038614,0.005919,-0.013880,0.999161,-0.013641,-0.038604,0.013880,0.999886,0.005919,0.038519,-0.006450,0.999237,0.038604,-0.005919,-0.999237,0.000901,-0.000642,-0.025024,0.003869,0.002394,-0.002817,23.322592,27.785378,-1.000000,-1.000000,-1.000000
482149488.636201,-0.012711,-0.009155,-1.023483,0.038614,0.005919,-0.013880,0.999161,-0.013641,-0.038604,0.013880,0.999886,0.005919,0.038519,-0.006450,0.999237,0.038604,-0.005919,-0.999237,0.000901,-0.000642,-0.025024,0.003869,0.002394,-0.002817,23.322592,27.785378,-1.000000,-1.000000,-1.000000
482149488.646229,0.034897,-0.005676,-1.029419,0.038614,0.005919,-0.013880,0.999161,-0.013641,-0.038604,0.013880,0.999886,0.005919,0.038519,-0.006450,0.999237,0.038604,-0.005919,-0.999237,0.000901,-0.000642,-0.025024,0.003869,0.002394,-0.002817,23.322592,27.785378,-1.000000,-1.000000,-1.000000
482149488.656172,0.135422,-0.003311,-1.014679,0.038614,0.005919,-0.013880,0.999161,-0.013641,-0.038604,0.013880,0.999886,0.005919,0.038519,-0.006450,0.999237,0.038604,-0.005919,-0.999237,0.000901,-0.000642,-0.025024,0.003869,0.002394,-0.002817,23.322592,27.785378,-1.000000,-1.000000,-1.000000
482149488.666192,0.107498,0.004379,-1.003830,0.038614,0.005919,-0.013880,0.999161,-0.013641,-0.038604,0.013880,0.999886,0.005919,0.038519,-0.006450,0.999237,0.038604,-0.005919,-0.999237,0.000901,-0.000642,-0.025024,0.003869,0.002394,-0.002817,23.322592,27.785378,-1.000000,-1.000000,-1.000000
482149488.676032,0.082092,-0.006119,-1.030457,0.038614,0.005919,-0.013880,0.999161,-0.013641,-0.038604,0.013880,0.999886,0.005919,0.038519,-0.006450,0.999237,0.038604,-0.005919,-0.999237,0.000901,-0.000642,-0.025024,0.003869,0.002394,-0.002817,23.322592,27.785378,-1.000000,-1.000000,-1.000000
482149488.686209,0.138062,-0.008392,-1.030014,0.038614,0.005919,-0.013880,0.999161,-0.013641,-0.038604,0.013880,0.999886,0.005919,0.038519,-0.006450,0.999237,0.038604,-0.005919,-0.999237,0.000901,-0.000642,-0.025024,0.003869,0.002394,-0.002817,23.322592,27.785378,-1.000000,-1.000000,-1.000000
482149488.696214,0.108383,-0.006531,-1.007523,0.038614,0.005919,-0.013880,0.999161,-0.013641,-0.038604,0.013880,0.999886,0.005919,0.038519,-0.006450,0.999237,0.038604,-0.005919,-0.999237,0.000901,-0.000642,-0.025024,0.003869,0.002394,-0.002817,23.322592,27.785378,-1.000000,-1.000000,-1.000000
482149488.705886,0.108383,-0.006531,-1.007523,0.038614,0.005919,-0.013880,0.999161,-0.013641,-0.038604,0.013880,0.999886,0.005919,0.038519,-0.006450,0.999237,0.038604,-0.005919,-0.999237,0.000901,-0.000642,-0.025024,0.003869,0.002394,-0.002817,23.322592,27.785378,-1.000000,-1.000000,-1.000000
482149488.716240,-0.026947,-0.002655,-1.048691,0.038614,0.005919,-0.013880,0.999161,-0.013641,-0.038604,0.013880,0.999886,0.005919,0.038519,-0.006450,0.999237,0.038604,-0.005919,-0.999237,0.000901,-0.000642,-0.025024,0.003869,0.002394,-0.002817,23.322592,27.785378,-1.000000,-1.000000,-1.000000
482149488.726152,-0.086334,-0.005112,-1.024063,0.038614,0.005919,-0.013880,0.999161,-0.013641,-0.038604,0.013880,0.999886,0.005919,0.038519,-0.006450,0.999237,0.038604,-0.005919,-0.999237,0.000901,-0.000642,-0.025024,0.003869,0.002394,-0.002817,23.322592,27.785378,-1.000000,-1.000000,-1.000000
482149488.736224,0.000137,-0.005035,-1.022766,0.038614,0.005919,-0.013880,0.999161,-0.013641,-0.038604,0.013880,0.999886,0.005919,0.038519,-0.006450,0.999237,0.038604,-0.005919,-0.999237,0.000901,-0.000642,-0.025024,0.003869,0.002394,-0.002817,23.322592,27.785378,-1.000000,-1.000000,-1.000000
482149488.746154,0.015274,-0.010880,-1.032455,0.038614,0.005919,-0.013880,0.999161,-0.013641,-0.038604,0.013880,0.999886,0.005919,0.038519,-0.006450,0.999237,0.038604,-0.005919,-0.999237,0.000901,-0.000642,-0.025024,0.003869,0.002394,-0.002817,23.322592,27.785378,-1.000000,-1.000000,-1.000000
482149488.756010,-0.050797,-0.003693,-1.025833,0.038614,0.005919,-0.013880,0.999161,-0.013641,-0.038604,0.013880,0.999886,0.005919,0.038519,-0.006450,0.999237,0.038604,-0.005919,-0.999237,0.000901,-0.000642,-0.025024,0.003869,0.002394,-0.002817,23.322592,27.785378,-1.000000,-1.000000,-1.000000
482149488.766195,0.068924,-0.011139,-1.025360,0.038614,0.005919,-0.013880,0.999161,-0.013641,-0.038604,0.013880,0.999886,0.005919,0.038519,-0.006450,0.999237,0.038604,-0.005919,-0.999237,0.000901,-0.000642,-0.025024,0.003869,0.002394,-0.002817,23.322592,27.785378,-1.000000,-1.000000,-1.000000
482149488.776289,0.119110,-0.009369,-1.006836,0.038614,0.005919,-0.013880,0.999161,-0.013641,-0.038604,0.013880,0.999886,0.005919,0.038519,-0.006450,0.999237,0.038604,-0.005919,-0.999237,0.000901,-0.000642,-0.025024,0.003869,0.002394,-0.002817,23.322592,27.785378,-1.000000,-1.000000,-1.000000
482149488.786351,0.132751,-0.006378,-1.021606,0.038614,0.005919,-0.013880,0.999161,-0.013641,-0.038604,0.013880,0.999886,0.005919,0.038519,-0.006450,0.999237,0.038604,-0.005919,-0.999237,0.000901,-0.000642,-0.025024,0.003869,0.002394,-0.002817,23.322592,27.785378,-1.000000,-1.000000,-1.000000
482149488.796245,0.078339,0.000778,-1.030792,0.038614,0.005919,-0.013880,0.999161,-0.013641,-0.038604,0.013880,0.999886,0.005919,0.038519,-0.006450,0.999237,0.038604,-0.005919,-0.999237,0.000901,-0.000642,-0.025024,0.003869,0.002394,-0.002817,23.322592,27.785378,-1.000000,-1.000000,-1.000000
482149488.806198,0.140320,-0.011002,-0.999710,0.038614,0.005919,-0.013880,0.999161,-0.013641,-0.038604,0.013880,0.999886,0.005919,0.038519,-0.006450,0.999237,0.038604,-0.005919,-0.999237,0.000901,-0.000642,-0.025024,0.003869,0.002394,-0.002817,23.322592,27.785378,-1.000000,-1.000000,-1.000000
482149488.815687,0.140320,-0.011002,-0.999710,0.038614,0.005919,-0.013880,0.999161,-0.013641,-0.038604,0.013880,0.999886,0.005919,0.038519,-0.006450,0.999237,0.038604,-0.005919,-0.999237,0.000901,-0.000642,-0.025024,0.003869,0.002394,-0.002817,23.322592,27.785378,-1.000000,-1.000000,-1.000000
482149488.826344,0.122833,0.001480,-1.016464,0.038614,0.005919,-0.013880,0.999161,-0.013641,-0.038604,0.013880,0.999886,0.005919,0.038519,-0.006450,0.999237,0.038604,-0.005919,-0.999237,0.000901,-0.000642,-0.025024,0.003869,0.002394,-0.002817,23.322592,27.785378,-1.000000,-1.000000,-1.000000
482149488.836168,0.002838,-0.006149,-1.037155,0.038614,0.005919,-0.013880,0.999161,-0.013641,-0.038604,0.013880,0.999886,0.005919,0.038519,-0.006450,0.999237,0.038604,-0.005919,-0.999237,0.000901,-0.000642,-0.025024,0.003869,0.002394,-0.002817,23.322592,27.785378,-1.000000,-1.000000,-1.000000
482149488.846238,-0.061462,-0.011612,-1.013733,0.038614,0.005919,-0.013880,0.999161,-0.013641,-0.038604,0.013880,0.999886,0.005919,0.038519,-0.006450,0.999237,0.038604,-0.005919,-0.999237,0.000901,-0.000642,-0.025024,0.003869,0.002394,-0.002817,23.322592,27.785378,-1.000000,-1.000000,-1.000000
482149488.856233,-0.026947,-0.006454,-1.032135,0.038614,0.005919,-0.013880,0.999161,-0.013641,-0.038604,0.013880,0.999886,0.005919,0.038519,-0.006450,0.999237,0.038604,-0.005919,-0.999237,0.000901,-0.000642,-0.025024,0.003869,0.002394,-0.002817,23.322592,27.785378,-1.000000,-1.000000,-1.000000
482149488.866232,0.000015,-0.015945,-1.025558,0.038614,0.005919,-0.013880,0.999161,-0.013641,-0.038604,0.013880,0.999886,0.005919,0.038519,-0.006450,0.999237,0.038604,-0.005919,-0.999237,0.000901,-0.000642,-0.025024,0.003869,0.002394,-0.002817,23.322592,27.785378,-1.000000,-1.000000,-1.000000
482149488.876237,-0.072235,-0.002029,-1.029083,0.038614,0.005919,-0.013880,0.999161,-0.013641,-0.038604,0.013880,0.999886,0.005919,0.038519,-0.006450,0.999237,0.038604,-0.005919,-0.999237,0.000901,-0.000642,-0.025024,0.003869,0.002394,-0.002817,23.322592,27.785378,-1.000000,-1.000000,-1.000000
482149488.886007,-0.013153,-0.014252,-1.036072,0.038614,0.005919,-0.013880,0.999161,-0.013641,-0.038604,0.013880,0.999886,0.005919,0.038519,-0.006450,0.999237,0.038604,-0.005919,-0.999237,0.000901,-0.000642,-0.025024,0.003869,0.002394,-0.002817,23.322592,27.785378,-1.000000,-1.000000,-1.000000
482149488.896201,0.075150,-0.005981,-1.010483,0.038614,0.005919,-0.013880,0.999161,-0.013641,-0.038604,0.013880,0.999886,0.005919,0.038519,-0.006450,0.999237,0.038604,-0.005919,-0.999237,0.000901,-0.000642,-0.025024,0.003869,0.002394,-0.002817,23.322592,27.785378,-1.000000,-1.000000,-1.000000
482149488.906167,0.177811,-0.003021,-1.035461,0.038614,0.005919,-0.013880,0.999161,-0.013641,-0.038604,0.013880,0.999886,0.005919,0.038519,-0.006450,0.999237,0.038604,-0.005919,-0.999237,0.000901,-0.000642,-0.025024,0.003869,0.002394,-0.002817,23.322592,27.785378,-1.000000,-1.000000,-1.000000
482149488.915325,0.177811,-0.003021,-1.035461,0.038614,0.005919,-0.013880,0.999161,-0.013641,-0.038604,0.013880,0.999886,0.005919,0.038519,-0.006450,0.999237,0.038604,-0.005919,-0.999237,0.000901,-0.000642,-0.025024,0.003869,0.002394,-0.002817,23.322592,27.785378,-1.000000,-1.000000,-1.000000
482149488.926274,0.070847,-0.002365,-1.038956,0.038614,0.005919,-0.013880,0.999161,-0.013641,-0.038604,0.013880,0.999886,0.005919,0.038519,-0.006450,0.999237,0.038604,-0.005919,-0.999237,0.000901,-0.000642,-0.025024,0.003869,0.002394,-0.002817,23.322592,27.785378,-1.000000,-1.000000,-1.000000
482149488.936272,0.123856,-0.018219,-1.007416,0.038614,0.005919,-0.013880,0.999161,-0.013641,-0.038604,0.013880,0.999886,0.005919,0.038519,-0.006450,0.999237,0.038604,-0.005919,-0.999237,0.000901,-0.000642,-0.025024,0.003869,0.002394,-0.002817,23.322592,27.785378,-1.000000,-1.000000,-1.000000
482149488.946328,0.131149,0.003448,-1.023758,0.038614,0.005919,-0.013880,0.999161,-0.013641,-0.038604,0.013880,0.999886,0.005919,0.038519,-0.006450,0.999237,0.038604,-0.005919,-0.999237,0.000901,-0.000642,-0.025024,0.003869,0.002394,-0.002817,23.322592,27.785378,-1.000000,-1.000000,-1.000000
482149488.956220,0.007797,-0.004105,-1.036896,0.022890,0.008511,-0.000101,0.999738,0.000094,-0.022887,0.000101,0.999964,0.008511,0.022887,-0.008511,0.999702,0.022887,-0.008511,-0.999702,0.047959,0.006146,-0.039254,-0.001232,-0.001044,-0.000726,23.322592,27.785378,-1.000000,-1.000000,-1.000000
482149488.966272,-0.093704,-0.004898,-0.996338,0.022886,0.008531,-0.000042,0.999738,0.000154,-0.022883,0.000042,0.999964,0.008531,0.022884,-0.008530,0.999702,0.022883,-0.008531,-0.999702,0.100972,-0.009688,-0.007714,0.002055,0.000187,0.005302,23.322592,27.785378,-1.000000,-1.000000,-1.000000
482149488.976271,-0.119202,0.005310,-1.030060,0.022910,0.008541,0.000097,0.999738,0.000292,-0.022908,-0.000097,0.999964,0.008541,0.022909,-0.008537,0.999701,0.022908,-0.008541,-0.999701,-0.015110,0.004437,-0.037195,0.004321,-0.003410,0.007789,23.322592,27.785378,-1.000000,-1.000000,-1.000000
482149488.986253,-0.024170,-0.009369,-1.029999,0.022910,0.008541,0.000097,0.999738,0.000292,-0.022908,-0.000097,0.999964,0.008541,0.022909,-0.008537,0.999701,0.022908,-0.008541,-0.999701,-0.015110,0.004437,-0.037195,0.004321,-0.003410,0.007789,23.322592,27.785378,-1.000000,-1.000000,-1.000000
482149488.996236,-0.108047,-0.006363,-1.023407,0.022890,0.008562,0.000134,0.999738,0.000330,-0.022887,-0.000134,0.999963,0.008562,0.022889,-0.008556,0.999701,0.022887,-0.008562,-0.999701,-0.116591,0.003664,0.003364,-0.001317,-0.001060,0.000415,23.322592,27.785378,-1.000000,-1.000000,-1.000000
482149489.006232,-0.055756,-0.008728,-1.028015,0.022864,0.008594,0.000122,0.999739,0.000319,-0.022861,-0.000122,0.999963,0.008594,0.022863,-0.008589,0.999702,0.022861,-0.008594,-0.999702,-0.142063,0.013904,-0.030358,-0.001116,-0.002285,-0.003082,23.322592,27.785378,-1.000000,-1.000000,-1.000000
482149489.015379,-0.055756,-0.008728,-1.028015,0.022864,0.008594,0.000122,0.999739,0.000319,-0.022861,-0.000122,0.999963,0.008594,0.022863,-0.008589,0.999702,0.022861,-0.008594,-0.999702,-0.142063,0.013904,-0.030358,-0.001116,-0.002285,-0.003082,23.322592,27.785378,-1.000000,-1.000000,-1.000000
482149489.026279,0.038696,-0.010574,-1.029114,0.022860,0.008636,0.000166,0.999739,0.000363,-0.022857,-0.000166,0.999963,0.008636,0.022859,-0.008630,0.999701,0.022857,-0.008636,-0.999701,-0.047027,-0.000733,-0.030297,0.004319,0.000171,0.007741,23.322592,27.785378,-1.000000,-1.000000,-1.000000
482149489.036188,0.247299,-0.007660,-0.994308,0.022829,0.008699,0.000236,0.999739,0.000435,-0.022826,-0.000236,0.999962,0.008699,0.022829,-0.008691,0.999702,0.022826,-0.008699,-0.999702,-0.078582,-0.000029,-0.028314,0.005997,-0.002295,-0.000363,23.322592,27.785378,-1.000000,-1.000000,-1.000000
482149489.046233,0.109131,-0.005692,-1.021088,0.022830,0.008737,0.000231,0.999739,0.000430,-0.022827,-0.000231,0.999962,0.008737,0.022830,-0.008730,0.999701,0.022827,-0.008737,-0.999701,0.015869,-0.001837,-0.029413,0.002238,0.000129,0.001759,23.322592,27.785378,-1.000000,-1.000000,-1.000000
482149489.056172,0.131332,-0.019638,-1.056473,0.022830,0.008737,0.000231,0.999739,0.000430,-0.022827,-0.000231,0.999962,0.008737,0.022830,-0.008730,0.999701,0.022827,-0.008737,-0.999701,0.015869,-0.001837,-0.029413,0.002238,0.000129,0.001759,23.322592,27.785378,-1.000000,-1.000000,-1.000000
482149489.066234,0.129318,-0.012299,-1.014923,0.022794,0.008716,0.000331,0.999740,0.000529,-0.022791,-0.000331,0.999962,0.008716,0.022795,-0.008706,0.999702,0.022791,-0.008716,-0.999702,0.224508,0.001056,0.005394,-0.002927,-0.003379,0.007412,23.322592,27.785378,-1.000000,-1.000000,-1.000000
482149489.076231,0.018753,-0.005783,-1.021637,0.022795,0.008741,0.000374,0.999740,0.000573,-0.022792,-0.000374,0.999962,0.008741,0.022796,-0.008730,0.999702,0.022792,-0.008741,-0.999702,0.086339,0.003050,-0.021386,0.005661,0.000145,0.005461,23.322592,27.785378,-1.000000,-1.000000,-1.000000
482149489.086236,-0.044067,-0.012527,-1.027267,0.022786,0.008869,0.000489,0.999740,0.000690,-0.022783,-0.000489,0.999961,0.008869,0.022788,-0.008856,0.999701,0.022783,-0.008869,-0.999701,0.106536,-0.003429,-0.015222,0.012373,-0.000995,0.015224,23.322592,27.785378,-1.000000,-1.000000,-1.000000
482149489.096336,-0.124268,-0.001663,-1.030273,0.022786,0.008869,0.000489,0.999740,0.000690,-0.022783,-0.000489,0.999961,0.008869,0.022788,-0.008856,0.999701,0.022783,-0.008869,-0.999701,0.106536,-0.003429,-0.015222,0.012373,-0.000995,0.015224,23.322592,27.785378,-1.000000,-1.000000,-1.000000
482149489.106300,-0.035431,-0.015564,-1.043213,0.022786,0.008939,0.000554,0.999740,0.000758,-0.022783,-0.000554,0.999960,0.008938,0.022789,-0.008923,0.999700,0.022783,-0.008938,-0.999700,-0.004030,0.003155,-0.021936,0.005729,-0.001059,0.004306,23.322592,27.785378,-1.000000,-1.000000,-1.000000
482149489.115521,-0.035431,-0.015564,-1.043213,0.022760,0.009011,0.000667,0.999741,0.000872,-0.022757,-0.000667,0.999959,0.009011,0.022764,-0.008993,0.999700,0.022757,-0.009011,-0.999700,-0.066825,-0.003517,-0.027567,0.006846,-0.001101,0.005502,23.322592,27.785378,-1.000000,-1.000000,-1.000000
482149489.126338,-0.093811,-0.002304,-1.030380,0.022760,0.009011,0.000667,0.999741,0.000872,-0.022757,-0.000667,0.999959,0.009011,0.022764,-0.008993,0.999700,0.022757,-0.009011,-0.999700,-0.066825,-0.003517,-0.027567,0.006846,-0.001101,0.005502,23.322592,27.785378,-1.000000,-1.000000,-1.000000
482149489.136175,-0.068329,-0.006943,-1.030731,0.022733,0.009064,0.000716,0.999741,0.000922,-0.022730,-0.000716,0.999959,0.009063,0.022738,-0.009045,0.999701,0.022730,-0.009063,-0.999701,-0.146998,0.007400,-0.030573,0.004363,-0.002274,0.006563,23.322592,27.785378,-1.000000,-1.000000,-1.000000
482149489.145787,0.034103,-0.011688,-1.036194,0.022745,0.009182,0.000760,0.999741,0.000968,-0.022742,-0.000760,0.999958,0.009182,0.022750,-0.009163,0.999699,0.022742,-0.009182,-0.999699,-0.116553,0.006878,-0.030681,0.007046,0.000061,0.001972,23.322592,27.785378,-1.000000,-1.000000,-1.000000
482149489.156233,0.102829,-0.004684,-1.012726,0.022740,0.009242,0.000782,0.999741,0.000992,-0.022737,-0.000782,0.999957,0.009242,0.022745,-0.009222,0.999699,0.022737,-0.009242,-0.999699,-0.091066,0.002299,-0.031032,0.003289,-0.001097,0.004142,23.322592,27.785378,-1.000000,-1.000000,-1.000000
482149489.166453,0.118027,-0.013519,-1.025299,0.022740,0.009242,0.000782,0.999741,0.000992,-0.022737,-0.000782,0.999957,0.009242,0.022745,-0.009222,0.999699,0.022737,-0.009242,-0.999699,-0.091066,0.002299,-0.031032,0.003289,-0.001097,0.004142,23.322592,27.785378,-1.000000,-1.000000,-1.000000
482149489.176186,0.120514,-0.015396,-1.017365,0.022769,0.009234,0.000800,0.999740,0.001010,-0.022766,-0.000800,0.999957,0.009233,0.022774,-0.009213,0.999698,0.022766,-0.009233,-0.999698,0.011337,-0.002455,-0.036496,0.002013,0.002500,0.005203,23.322592,27.785378,-1.000000,-1.000000,-1.000000
482149489.186269,0.121567,-0.012619,-1.035782,0.022769,0.009299,0.000806,0.999740,0.001017,-0.022766,-0.000806,0.999956,0.009299,0.022775,-0.009278,0.999698,0.022766,-0.009299,-0.999698,0.080063,0.004615,-0.013028,0.005839,-0.001128,0.001925,23.322592,27.785378,-1.000000,-1.000000,-1.000000
482149489.196368,0.030869,-0.004715,-1.027725,0.022754,0.009319,0.000820,0.999741,0.001032,-0.022751,-0.000820,0.999956,0.009319,0.022760,-0.009298,0.999698,0.022751,-0.009319,-0.999698,0.097763,-0.006077,-0.017667,-0.000134,0.001274,0.000408,23.322592,27.785378,-1.000000,-1.000000,-1.000000
482149489.206534,-0.085571,-0.009232,-1.040482,0.022754,0.009319,0.000820,0.999741,0.001032,-0.022751,-0.000820,0.999956,0.009319,0.022760,-0.009298,0.999698,0.022751,-0.009319,-0.999698,0.097763,-0.006077,-0.017667,-0.000134,0.001274,0.000408,23.322592,27.785378,-1.000000,-1.000000,-1.000000
482149489.216220,-0.163239,-0.000244,-1.036499,0.022749,0.009340,0.000819,0.999741,0.001031,-0.022746,-0.000819,0.999956,0.009340,0.022755,-0.009319,0.999698,0.022746,-0.009340,-0.999698,0.098820,-0.003279,-0.036084,0.002348,0.001253,-0.000637,23.322592,27.785378,-1.000000,-1.000000,-1.000000
482149489.226270,-0.163239,-0.000244,-1.036499,0.022761,0.009393,0.000845,0.999740,0.001058,-0.022758,-0.000845,0.999956,0.009393,0.022767,-0.009371,0.999697,0.022758,-0.009393,-0.999697,0.008110,0.004678,-0.028028,-0.000202,0.003672,0.001547,23.322592,27.785378,-1.000000,-1.000000,-1.000000
482149489.236317,-0.034180,-0.003281,-1.005417,0.022761,0.009393,0.000845,0.999740,0.001058,-0.022758,-0.000845,0.999956,0.009393,0.022767,-0.009371,0.999697,0.022758,-0.009393,-0.999697,0.008110,0.004678,-0.028028,-0.000202,0.003672,0.001547,23.322592,27.785378,-1.000000,-1.000000,-1.000000
482149489.246225,-0.052582,0.001190,-1.026962,0.022784,0.009408,0.000859,0.999740,0.001074,-0.022781,-0.000859,0.999955,0.009408,0.022790,-0.009386,0.999696,0.022781,-0.009408,-0.999696,-0.108352,0.000176,-0.040785,0.003355,0.001280,0.002939,23.322592,27.785378,-1.000000,-1.000000,-1.000000
482149489.256269,-0.060532,-0.000839,-1.026459,0.022763,0.009397,0.000970,0.999740,0.001183,-0.022760,-0.000970,0.999955,0.009396,0.022771,-0.009372,0.999697,0.022760,-0.009396,-0.999697,-0.056940,0.006116,-0.005720,-0.001878,-0.001024,0.009747,23.322592,27.785378,-1.000000,-1.000000,-1.000000
482149489.266250,0.020172,-0.010620,-1.013718,0.022780,0.009423,0.000980,0.999740,0.001194,-0.022777,-0.000980,0.999955,0.009423,0.022788,-0.009398,0.999696,0.022777,-0.009423,-0.999696,-0.075359,0.010613,-0.027266,0.003356,0.001267,0.002943,23.322592,27.785378,-1.000000,-1.000000,-1.000000
482149489.276168,0.094040,-0.006775,-1.015182,0.022780,0.009423,0.000980,0.999740,0.001194,-0.022777,-0.000980,0.999955,0.009423,0.022788,-0.009398,0.999696,0.022777,-0.009423,-0.999696,-0.075359,0.010613,-0.027266,0.003356,0.001267,0.002943,23.322592,27.785378,-1.000000,-1.000000,-1.000000
482149489.286236,0.208176,-0.012360,-1.018951,0.022754,0.009447,0.001027,0.999740,0.001241,-0.022751,-0.001026,0.999955,0.009447,0.022762,-0.009421,0.999697,0.022751,-0.009447,-0.999697,-0.083283,0.008608,-0.026762,-0.001207,-0.002335,-0.001946,23.322592,27.785378,-1.000000,-1.000000,-1.000000
482149489.296229,0.110565,-0.010498,-1.013153,0.022771,0.009478,0.001069,0.999740,0.001284,-0.022768,-0.001069,0.999955,0.009478,0.022779,-0.009451,0.999696,0.022768,-0.009478,-0.999696,-0.002596,-0.001142,-0.014022,0.003087,0.002503,0.007612,23.322592,27.785378,-1.000000,-1.000000,-1.000000
482149489.306225,0.097031,-0.013718,-1.018799,0.022799,0.009480,0.001114,0.999739,0.001330,-0.022796,-0.001114,0.999954,0.009480,0.022808,-0.009452,0.999695,0.022796,-0.009480,-0.999695,0.185379,-0.002880,-0.019256,-0.006374,0.001318,0.003611,23.322592,27.785378,-1.000000,-1.000000,-1.000000
482149489.316304,0.034637,-0.009598,-1.026474,0.022799,0.009480,0.001114,0.999739,0.001330,-0.022796,-0.001114,0.999954,0.009480,0.022808,-0.009452,0.999695,0.022796,-0.009480,-0.999695,0.185379,-0.002880,-0.019256,-0.006374,0.001318,0.003611,23.322592,27.785378,-1.000000,-1.000000,-1.000000
482149489.326209,-0.102142,-0.014420,-1.045288,0.022794,0.009545,0.001153,0.999739,0.001370,-0.022791,-0.001153,0.999954,0.009544,0.022803,-0.009516,0.999695,0.022791,-0.009544,-0.999695,0.087774,-0.000954,-0.013458,0.009328,0.000059,0.004443,23.322592,27.785378,-1.000000,-1.000000,-1.000000
482149489.336563,-0.102142,-0.014420,-1.045288,0.022795,0.009634,0.001228,0.999739,0.001447,-0.022792,-0.001228,0.999953,0.009634,0.022805,-0.009604,0.999694,0.022792,-0.009634,-0.999694,0.074239,-0.004083,-0.019105,0.000067,0.000036,-0.003086,23.322592,27.785378,-1.000000,-1.000000,-1.000000
482149489.346420,-0.103699,-0.009979,-0.995895,0.022795,0.009634,0.001228,0.999739,0.001447,-0.022792,-0.001228,0.999953,0.009634,0.022805,-0.009604,0.999694,0.022792,-0.009634,-0.999694,0.074239,-0.004083,-0.019105,0.000067,0.000036,-0.003086,23.322592,27.785378,-1.000000,-1.000000,-1.000000
482149489.356190,0.015884,-0.002045,-1.040298,0.022795,0.009664,0.001298,0.999739,0.001518,-0.022792,-0.001298,0.999952,0.009664,0.022806,-0.009632,0.999694,0.022792,-0.009664,-0.999694,0.011845,0.000067,-0.026780,0.004027,0.001346,0.012376,23.322592,27.785378,-1.000000,-1.000000,-1.000000
482149489.366233,-0.012863,-0.017273,-1.042816,0.022818,0.009733,0.001361,0.999738,0.001583,-0.022815,-0.001361,0.999952,0.009732,0.022829,-0.009699,0.999692,0.022815,-0.009732,-0.999692,-0.126514,-0.000247,0.003797,0.002954,0.000137,0.009986,23.322592,27.785378,-1.000000,-1.000000,-1.000000
482149489.376519,-0.077866,-0.005920,-1.017715,0.022824,0.009803,0.001383,0.999738,0.001607,-0.022821,-0.001383,0.999951,0.009803,0.022835,-0.009769,0.999691,0.022821,-0.009803,-0.999691,-0.006936,0.007758,-0.040607,0.006979,0.001252,0.003131,23.322592,27.785378,-1.000000,-1.000000,-1.000000
482149489.386237,0.038010,-0.014603,-1.036896,0.022824,0.009803,0.001383,0.999738,0.001607,-0.022821,-0.001383,0.999951,0.009803,0.022835,-0.009769,0.999691,0.022821,-0.009803,-0.999691,-0.006936,0.007758,-0.040607,0.006979,0.001252,0.003131,23.322592,27.785378,-1.000000,-1.000000,-1.000000
482149489.396236,0.088165,-0.001083,-1.031128,0.022803,0.009822,0.001408,0.999739,0.001632,-0.022800,-0.001408,0.999951,0.009822,0.022815,-0.009788,0.999692,0.022800,-0.009822,-0.999692,-0.035663,-0.007451,-0.043124,-0.001476,0.002481,0.002675,23.322592,27.785378,-1.000000,-1.000000,-1.000000
482149489.406115,0.217499,-0.003006,-0.986450,0.022830,0.009893,0.001425,0.999738,0.001650,-0.022827,-0.001425,0.999950,0.009893,0.022843,-0.009858,0.999690,0.022827,-0.009893,-0.999690,-0.100693,0.003973,-0.018025,0.009662,0.002393,-0.001445,23.322592,27.785378,-1.000000,-1.000000,-1.000000
482149489.416450,0.128128,-0.001724,-1.043304,0.022831,0.009996,0.001447,0.999738,0.001675,-0.022828,-0.001447,0.999949,0.009996,0.022844,-0.009960,0.999689,0.022828,-0.009996,-0.999689,0.065337,0.008913,-0.031438,0.007989,0.001273,0.006718,23.322592,27.785378,-1.000000,-1.000000,-1.000000
482149489.426173,0.094299,-0.001648,-0.998718,0.022831,0.009996,0.001447,0.999738,0.001675,-0.022828,-0.001447,0.999949,0.009996,0.022844,-0.009960,0.999689,0.022828,-0.009996,-0.999689,0.065337,0.008913,-0.031438,0.007989,0.001273,0.006718,23.322592,27.785378,-1.000000,-1.000000,-1.000000
482149489.436191,0.148346,-0.003983,-0.999313,0.022809,0.010045,0.001463,0.999738,0.001692,-0.022806,-0.001463,0.999949,0.010044,0.022822,-0.010008,0.999689,0.022806,-0.010044,-0.999689,0.194692,0.007038,0.013239,0.002086,-0.004690,0.004141,23.322592,27.785378,-1.000000,-1.000000,-1.000000
482149489.446297,0.148346,-0.003983,-0.999313,0.022805,0.010028,0.001563,0.999738,0.001791,-0.022802,-0.001563,0.999949,0.010028,0.022819,-0.009990,0.999690,0.022802,-0.010028,-0.999690,0.105326,0.008304,-0.043615,0.005372,0.002509,0.010090,23.322592,27.785378,-1.000000,-1.000000,-1.000000
482149489.456182,-0.003403,0.008560,-1.042572,0.022805,0.010028,0.001563,0.999738,0.001791,-0.022802,-0.001563,0.999949,0.010028,0.022819,-0.009990,0.999690,0.022802,-0.010028,-0.999690,0.105326,0.008304,-0.043615,0.005372,0.002509,0.010090,23.322592,27.785378,-1.000000,-1.000000,-1.000000
482149489.466386,-0.084366,0.002075,-1.002655,0.022789,0.010110,0.001575,0.999739,0.001805,-0.022786,-0.001575,0.999948,0.010110,0.022803,-0.010072,0.999689,0.022786,-0.010110,-0.999689,0.071514,0.008462,0.000971,0.010741,-0.001177,0.001019,23.322592,27.785378,-1.000000,-1.000000,-1.000000
482149489.476252,-0.001450,-0.008102,-1.031570,0.022784,0.010173,0.001628,0.999739,0.001859,-0.022781,-0.001628,0.999947,0.010173,0.022798,-0.010133,0.999689,0.022781,-0.010173,-0.999689,-0.026183,0.018733,-0.042883,0.001817,-0.002261,0.008794,23.322592,27.785378,-1.000000,-1.000000,-1.000000
482149489.486237,-0.013596,-0.007202,-1.024521,0.022784,0.010159,0.001702,0.999739,0.001933,-0.022781,-0.001702,0.999947,0.010158,0.022800,-0.010117,0.999689,0.022781,-0.010158,-0.999689,-0.107147,0.012234,-0.002966,-0.003888,0.001293,0.002576,23.322592,27.785378,-1.000000,-1.000000,-1.000000
482149489.496263,-0.099335,-0.009186,-1.021881,0.022784,0.010159,0.001702,0.999739,0.001933,-0.022781,-0.001702,0.999947,0.010158,0.022800,-0.010117,0.999689,0.022781,-0.010158,-0.999689,-0.107147,0.012234,-0.002966,-0.003888,0.001293,0.002576,23.322592,27.785378,-1.000000,-1.000000,-1.000000
482149489.506228,-0.014008,-0.013275,-1.038086,0.022813,0.010140,0.001709,0.999738,0.001940,-0.022810,-0.001709,0.999947,0.010139,0.022828,-0.010098,0.999688,0.022810,-0.010139,-0.999688,-0.024259,0.002037,-0.031882,0.000003,0.001235,-0.001921,23.322592,27.785378,-1.000000,-1.000000,-1.000000
482149489.516226,0.056564,-0.007416,-1.031982,0.022803,0.010134,0.001697,0.999738,0.001928,-0.022799,-0.001697,0.999947,0.010133,0.022818,-0.010092,0.999689,0.022799,-0.010133,-0.999689,-0.036395,0.002931,-0.024832,-0.001338,-0.002320,0.000407,23.322592,27.785378,-1.000000,-1.000000,-1.000000
482149489.526289,0.163681,-0.009857,-1.012909,0.022803,0.010134,0.001697,0.999738,0.001928,-0.022799,-0.001697,0.999947,0.010133,0.022818,-0.010092,0.999689,0.022799,-0.010133,-0.999689,-0.036395,0.002931,-0.024832,-0.001338,-0.002320,0.000407,23.322592,27.785378,-1.000000,-1.000000,-1.000000
482149489.536201,0.154633,-0.008942,-1.008575,0.022820,0.010230,0.001745,0.999738,0.001978,-0.022816,-0.001745,0.999946,0.010230,0.022835,-0.010187,0.999687,0.022816,-0.010230,-0.999687,-0.036824,-0.003045,-0.038399,0.002017,0.000095,0.005248,23.322592,27.785378,-1.000000,-1.000000,-1.000000
