Timestamp,Accel_X,Accel_Y,Accel_Z,Roll,Pitch,Yaw,RM11,RM12,RM13,RM21,RM22,RM23,RM31,RM32,RM33,GravAcc_X,GravAcc_Y,GravAcc_Z,UserAcc_X,UserAcc_Y,UserAcc_Z,RotRate_X,RotRate_Y,RotRate_Z,MagHeading,TrueHeading,HeadingAccuracy,Course,Speed
482148604.472643,0.038788,-0.006622,-1.029160,-0.003772,0.000997,-0.016105,0.999863,-0.016108,0.003772,0.016104,0.999870,0.000997,-0.003788,-0.000936,0.999992,-0.003772,-0.000997,-0.999992,0.085330,-0.002024,-0.018883,0.004972,-0.000917,0.001083,23.891056,28.353840,-1.000000,-1.000000,-1.000000
482148604.479202,0.036652,-0.001617,-1.023544,-0.003772,0.000997,-0.016105,0.999863,-0.016108,0.003772,0.016104,0.999870,0.000997,-0.003788,-0.000936,0.999992,-0.003772,-0.000997,-0.999992,0.085330,-0.002024,-0.018883,0.004972,-0.000917,0.001083,23.891056,28.353840,-1.000000,-1.000000,-1.000000
482148604.489597,0.036652,-0.001617,-1.023544,-0.003772,0.000997,-0.016105,0.999863,-0.016108,0.003772,0.016104,0.999870,0.000997,-0.003788,-0.000936,0.999992,-0.003772,-0.000997,-0.999992,0.085330,-0.002024,-0.018883,0.004972,-0.000917,0.001083,23.891056,28.353840,-1.000000,-1.000000,-1.000000
482148604.499795,0.041656,-0.004578,-1.027084,-0.003772,0.000997,-0.016105,0.999863,-0.016108,0.003772,0.016104,0.999870,0.000997,-0.003788,-0.000936,0.999992,-0.003772,-0.000997,-0.999992,0.085330,-0.002024,-0.018883,0.004972,-0.000917,0.001083,23.891056,28.353840,-1.000000,-1.000000,-1.000000
482148604.509945,0.043350,-0.005508,-1.022110,-0.003772,0.000997,-0.016105,0.999863,-0.016108,0.003772,0.016104,0.999870,0.000997,-0.003788,-0.000936,0.999992,-0.003772,-0.000997,-0.999992,0.085330,-0.002024,-0.018883,0.004972,-0.000917,0.001083,23.891056,28.353840,-1.000000,-1.000000,-1.000000
482148604.519871,0.043472,-0.004532,-1.024063,-0.003772,0.000997,-0.016105,0.999863,-0.016108,0.003772,0.016104,0.999870,0.000997,-0.003788,-0.000936,0.999992,-0.003772,-0.000997,-0.999992,0.085330,-0.002024,-0.018883,0.004972,-0.000917,0.001083,23.891056,28.353840,-1.000000,-1.000000,-1.000000
482148604.529047,0.038620,-0.004608,-1.025330,-0.003772,0.000997,-0.016105,0.999863,-0.016108,0.003772,0.016104,0.999870,0.000997,-0.003788,-0.000936,0.999992,-0.003772,-0.000997,-0.999992,0.085330,-0.002024,-0.018883,0.004972,-0.000917,0.001083,23.891056,28.353840,-1.000000,-1.000000,-1.000000
482148604.539876,0.038620,-0.004608,-1.025330,-0.003772,0.000997,-0.016105,0.999863,-0.016108,0.003772,0.016104,0.999870,0.000997,-0.003788,-0.000936,0.999992,-0.003772,-0.000997,-0.999992,0.085330,-0.002024,-0.018883,0.004972,-0.000917,0.001083,23.891056,28.353840,-1.000000,-1.000000,-1.000000
482148604.549872,0.037415,-0.003555,-1.020554,-0.003772,0.000997,-0.016105,0.999863,-0.016108,0.003772,0.016104,0.999870,0.000997,-0.003788,-0.000936,0.999992,-0.003772,-0.000997,-0.999992,0.085330,-0.002024,-0.018883,0.004972,-0.000917,0.001083,23.891056,28.353840,-1.000000,-1.000000,-1.000000
482148604.559863,0.038773,-0.004623,-1.028214,-0.003772,0.000997,-0.016105,0.999863,-0.016108,0.003772,0.016104,0.999870,0.000997,-0.003788,-0.000936,0.999992,-0.003772,-0.000997,-0.999992,0.085330,-0.002024,-0.018883,0.004972,-0.000917,0.001083,23.891056,28.353840,-1.000000,-1.000000,-1.000000
482148604.569938,0.038589,-0.010559,-1.027176,-0.003772,0.000997,-0.016105,0.999863,-0.016108,0.003772,0.016104,0.999870,0.000997,-0.003788,-0.000936,0.999992,-0.003772,-0.000997,-0.999992,0.085330,-0.002024,-0.018883,0.004972,-0.000917,0.001083,23.891056,28.353840,-1.000000,-1.000000,-1.000000
482148604.579952,0.035507,-0.003601,-1.021637,-0.003772,0.000997,-0.016105,0.999863,-0.016108,0.003772,0.016104,0.999870,0.000997,-0.003788,-0.000936,0.999992,-0.003772,-0.000997,-0.999992,0.085330,-0.002024,-0.018883,0.004972,-0.000917,0.001083,23.891056,28.353840,-1.000000,-1.000000,-1.000000
482148604.588949,0.038452,-0.009537,-1.024292,-0.003772,0.000997,-0.016105,0.999863,-0.016108,0.003772,0.016104,0.999870,0.000997,-0.003788,-0.000936,0.999992,-0.003772,-0.000997,-0.999992,0.085330,-0.002024,-0.018883,0.004972,-0.000917,0.001083,23.891056,28.353840,-1.000000,-1.000000,-1.000000
482148604.599872,0.040283,-0.008499,-1.021286,-0.003772,0.000997,-0.016105,0.999863,-0.016108,0.003772,0.016104,0.999870,0.000997,-0.003788,-0.000936,0.999992,-0.003772,-0.000997,-0.999992,0.085330,-0.002024,-0.018883,0.004972,-0.000917,0.001083,23.891056,28.353840,-1.000000,-1.000000,-1.000000
482148604.609868,0.037552,-0.010544,-1.026276,-0.003772,0.000997,-0.016105,0.999863,-0.016108,0.003772,0.016104,0.999870,0.000997,-0.003788,-0.000936,0.999992,-0.003772,-0.000997,-0.999992,0.085330,-0.002024,-0.018883,0.004972,-0.000917,0.001083,23.891056,28.353840,-1.000000,-1.000000,-1.000000
482148604.619793,0.036682,-0.006607,-1.026382,-0.003772,0.000997,-0.016105,0.999863,-0.016108,0.003772,0.016104,0.999870,0.000997,-0.003788,-0.000936,0.999992,-0.003772,-0.000997,-0.999992,0.085330,-0.002024,-0.018883,0.004972,-0.000917,0.001083,23.891056,28.353840,-1.000000,-1.000000,-1.000000
482148604.629212,0.036682,-0.006607,-1.026382,-0.003772,0.000997,-0.016105,0.999863,-0.016108,0.003772,0.016104,0.999870,0.000997,-0.003788,-0.000936,0.999992,-0.003772,-0.000997,-0.999992,0.085330,-0.002024,-0.018883,0.004972,-0.000917,0.001083,23.891056,28.353840,-1.000000,-1.000000,-1.000000
482148604.639443,0.042297,-0.006485,-1.021179,-0.003772,0.000997,-0.016105,0.999863,-0.016108,0.003772,0.016104,0.999870,0.000997,-0.003788,-0.000936,0.999992,-0.003772,-0.000997,-0.999992,0.085330,-0.002024,-0.018883,0.004972,-0.000917,0.001083,23.891056,28.353840,-1.000000,-1.000000,-1.000000
482148604.649930,0.041656,-0.004578,-1.027084,-0.003772,0.000997,-0.016105,0.999863,-0.016108,0.003772,0.016104,0.999870,0.000997,-0.003788,-0.000936,0.999992,-0.003772,-0.000997,-0.999992,0.085330,-0.002024,-0.018883,0.004972,-0.000917,0.001083,23.891056,28.353840,-1.000000,-1.000000,-1.000000
482148604.660131,0.038651,-0.001617,-1.024384,-0.003772,0.000997,-0.016105,0.999863,-0.016108,0.003772,0.016104,0.999870,0.000997,-0.003788,-0.000936,0.999992,-0.003772,-0.000997,-0.999992,0.085330,-0.002024,-0.018883,0.004972,-0.000917,0.001083,23.891056,28.353840,-1.000000,-1.000000,-1.000000
482148604.669951,0.039581,-0.007553,-1.026199,-0.003772,0.000997,-0.016105,0.999863,-0.016108,0.003772,0.016104,0.999870,0.000997,-0.003788,-0.000936,0.999992,-0.003772,-0.000997,-0.999992,0.085330,-0.002024,-0.018883,0.004972,-0.000917,0.001083,23.891056,28.353840,-1.000000,-1.000000,-1.000000
482148604.679703,0.039474,-0.007538,-1.024261,-0.003772,0.000997,-0.016105,0.999863,-0.016108,0.003772,0.016104,0.999870,0.000997,-0.003788,-0.000936,0.999992,-0.003772,-0.000997,-0.999992,0.085330,-0.002024,-0.018883,0.004972,-0.000917,0.001083,23.891056,28.353840,-1.000000,-1.000000,-1.000000
482148604.689873,0.038391,-0.010513,-1.023315,-0.003772,0.000997,-0.016105,0.999863,-0.016108,0.003772,0.016104,0.999870,0.000997,-0.003788,-0.000936,0.999992,-0.003772,-0.000997,-0.999992,0.085330,-0.002024,-0.018883,0.004972,-0.000917,0.001083,23.891056,28.353840,-1.000000,-1.000000,-1.000000
482148604.699983,0.041504,-0.006546,-1.025131,-0.003772,0.000997,-0.016105,0.999863,-0.016108,0.003772,0.016104,0.999870,0.000997,-0.003788,-0.000936,0.999992,-0.003772,-0.000997,-0.999992,0.085330,-0.002024,-0.018883,0.004972,-0.000917,0.001083,23.891056,28.353840,-1.000000,-1.000000,-1.000000
482148604.710163,0.041489,-0.005539,-1.024170,-0.003772,0.000997,-0.016105,0.999863,-0.016108,0.003772,0.016104,0.999870,0.000997,-0.003788,-0.000936,0.999992,-0.003772,-0.000997,-0.999992,0.085330,-0.002024,-0.018883,0.004972,-0.000917,0.001083,23.891056,28.353840,-1.000000,-1.000000,-1.000000
482148604.719879,0.040588,-0.010529,-1.028030,-0.003772,0.000997,-0.016105,0.999863,-0.016108,0.003772,0.016104,0.999870,0.000997,-0.003788,-0.000936,0.999992,-0.003772,-0.000997,-0.999992,0.085330,-0.002024,-0.018883,0.004972,-0.000917,0.001083,23.891056,28.353840,-1.000000,-1.000000,-1.000000
482148604.729904,0.037811,-0.003632,-1.028290,-0.003772,0.000997,-0.016105,0.999863,-0.016108,0.003772,0.016104,0.999870,0.000997,-0.003788,-0.000936,0.999992,-0.003772,-0.000997,-0.999992,0.085330,-0.002024,-0.018883,0.004972,-0.000917,0.001083,23.891056,28.353840,-1.000000,-1.000000,-1.000000
482148604.739841,0.041275,-0.007477,-1.021240,-0.003772,0.000997,-0.016105,0.999863,-0.016108,0.003772,0.016104,0.999870,0.000997,-0.003788,-0.000936,0.999992,-0.003772,-0.000997,-0.999992,0.085330,-0.002024,-0.018883,0.004972,-0.000917,0.001083,23.891056,28.353840,-1.000000,-1.000000,-1.000000
482148604.749824,0.039658,-0.004593,-1.026230,-0.003772,0.000997,-0.016105,0.999863,-0.016108,0.003772,0.016104,0.999870,0.000997,-0.003788,-0.000936,0.999992,-0.003772,-0.000997,-0.999992,0.085330,-0.002024,-0.018883,0.004972,-0.000917,0.001083,23.891056,28.353840,-1.000000,-1.000000,-1.000000
482148604.759845,0.039658,-0.004593,-1.026230,-0.003772,0.000997,-0.016105,0.999863,-0.016108,0.003772,0.016104,0.999870,0.000997,-0.003788,-0.000936,0.999992,-0.003772,-0.000997,-0.999992,0.085330,-0.002024,-0.018883,0.004972,-0.000917,0.001083,23.891056,28.353840,-1.000000,-1.000000,-1.000000
482148604.770070,0.040527,-0.006561,-1.025192,-0.003772,0.000997,-0.016105,0.999863,-0.016108,0.003772,0.016104,0.999870,0.000997,-0.003788,-0.000936,0.999992,-0.003772,-0.000997,-0.999992,0.085330,-0.002024,-0.018883,0.004972,-0.000917,0.001083,23.891056,28.353840,-1.000000,-1.000000,-1.000000
482148604.779780,0.035507,-0.003601,-1.021637,-0.003772,0.000997,-0.016105,0.999863,-0.016108,0.003772,0.016104,0.999870,0.000997,-0.003788,-0.000936,0.999992,-0.003772,-0.000997,-0.999992,0.085330,-0.002024,-0.018883,0.004972,-0.000917,0.001083,23.891056,28.353840,-1.000000,-1.000000,-1.000000
482148604.789243,0.039352,-0.006531,-1.021347,-0.003772,0.000997,-0.016105,0.999863,-0.016108,0.003772,0.016104,0.999870,0.000997,-0.003788,-0.000936,0.999992,-0.003772,-0.000997,-0.999992,0.085330,-0.002024,-0.018883,0.004972,-0.000917,0.001083,23.891056,28.353840,-1.000000,-1.000000,-1.000000
482148604.799862,0.038391,-0.010513,-1.023315,-0.003772,0.000997,-0.016105,0.999863,-0.016108,0.003772,0.016104,0.999870,0.000997,-0.003788,-0.000936,0.999992,-0.003772,-0.000997,-0.999992,0.085330,-0.002024,-0.018883,0.004972,-0.000917,0.001083,23.891056,28.353840,-1.000000,-1.000000,-1.000000
482148604.808981,0.035873,-0.005661,-1.029358,-0.003772,0.000997,-0.016105,0.999863,-0.016108,0.003772,0.016104,0.999870,0.000997,-0.003788,-0.000936,0.999992,-0.003772,-0.000997,-0.999992,0.085330,-0.002024,-0.018883,0.004972,-0.000917,0.001083,23.891056,28.353840,-1.000000,-1.000000,-1.000000
482148604.819889,0.036484,-0.008560,-1.023468,-0.003772,0.000997,-0.016105,0.999863,-0.016108,0.003772,0.016104,0.999870,0.000997,-0.003788,-0.000936,0.999992,-0.003772,-0.000997,-0.999992,0.085330,-0.002024,-0.018883,0.004972,-0.000917,0.001083,23.891056,28.353840,-1.000000,-1.000000,-1.000000
482148604.829857,0.037613,-0.005600,-1.025375,-0.003772,0.000997,-0.016105,0.999863,-0.016108,0.003772,0.016104,0.999870,0.000997,-0.003788,-0.000936,0.999992,-0.003772,-0.000997,-0.999992,0.085330,-0.002024,-0.018883,0.004972,-0.000917,0.001083,23.891056,28.353840,-1.000000,-1.000000,-1.000000
482148604.839697,0.039383,-0.005539,-1.021362,-0.003772,0.000997,-0.016105,0.999863,-0.016108,0.003772,0.016104,0.999870,0.000997,-0.003788,-0.000936,0.999992,-0.003772,-0.000997,-0.999992,0.085330,-0.002024,-0.018883,0.004972,-0.000917,0.001083,23.891056,28.353840,-1.000000,-1.000000,-1.000000
482148604.849859,0.036652,-0.003616,-1.024490,-0.003772,0.000997,-0.016105,0.999863,-0.016108,0.003772,0.016104,0.999870,0.000997,-0.003788,-0.000936,0.999992,-0.003772,-0.000997,-0.999992,0.085330,-0.002024,-0.018883,0.004972,-0.000917,0.001083,23.891056,28.353840,-1.000000,-1.000000,-1.000000
482148604.859866,0.041672,-0.002579,-1.026138,-0.003772,0.000997,-0.016105,0.999863,-0.016108,0.003772,0.016104,0.999870,0.000997,-0.003788,-0.000936,0.999992,-0.003772,-0.000997,-0.999992,0.085330,-0.002024,-0.018883,0.004972,-0.000917,0.001083,23.891056,28.353840,-1.000000,-1.000000,-1.000000
482148604.870037,0.043259,-0.005478,-1.020172,-0.003772,0.000997,-0.016105,0.999863,-0.016108,0.003772,0.016104,0.999870,0.000997,-0.003788,-0.000936,0.999992,-0.003772,-0.000997,-0.999992,0.085330,-0.002024,-0.018883,0.004972,-0.000917,0.001083,23.891056,28.353840,-1.000000,-1.000000,-1.000000
482148604.879858,0.038559,-0.003586,-1.023407,-0.003772,0.000997,-0.016105,0.999863,-0.016108,0.003772,0.016104,0.999870,0.000997,-0.003788,-0.000936,0.999992,-0.003772,-0.000997,-0.999992,0.085330,-0.002024,-0.018883,0.004972,-0.000917,0.001083,23.891056,28.353840,-1.000000,-1.000000,-1.000000
482148604.889856,0.038177,-0.012451,-1.020386,-0.003772,0.000997,-0.016105,0.999863,-0.016108,0.003772,0.016104,0.999870,0.000997,-0.003788,-0.000936,0.999992,-0.003772,-0.000997,-0.999992,0.085330,-0.002024,-0.018883,0.004972,-0.000917,0.001083,23.891056,28.353840,-1.000000,-1.000000,-1.000000
482148604.899017,0.038177,-0.012451,-1.020386,-0.003772,0.000997,-0.016105,0.999863,-0.016108,0.003772,0.016104,0.999870,0.000997,-0.003788,-0.000936,0.999992,-0.003772,-0.000997,-0.999992,0.085330,-0.002024,-0.018883,0.004972,-0.000917,0.001083,23.891056,28.353840,-1.000000,-1.000000,-1.000000
482148604.909258,0.040405,-0.007507,-1.023254,-0.003772,0.000997,-0.016105,0.999863,-0.016108,0.003772,0.016104,0.999870,0.000997,-0.003788,-0.000936,0.999992,-0.003772,-0.000997,-0.999992,0.085330,-0.002024,-0.018883,0.004972,-0.000917,0.001083,23.891056,28.353840,-1.000000,-1.000000,-1.000000
482148604.919961,0.038620,-0.004608,-1.025330,-0.003772,0.000997,-0.016105,0.999863,-0.016108,0.003772,0.016104,0.999870,0.000997,-0.003788,-0.000936,0.999992,-0.003772,-0.000997,-0.999992,0.085330,-0.002024,-0.018883,0.004972,-0.000917,0.001083,23.891056,28.353840,-1.000000,-1.000000,-1.000000
482148604.929818,0.039581,-0.005585,-1.025253,-0.003772,0.000997,-0.016105,0.999863,-0.016108,0.003772,0.016104,0.999870,0.000997,-0.003788,-0.000936,0.999992,-0.003772,-0.000997,-0.999992,0.085330,-0.002024,-0.018883,0.004972,-0.000917,0.001083,23.891056,28.353840,-1.000000,-1.000000,-1.000000
482148604.939878,0.039429,-0.001556,-1.020447,-0.003772,0.000997,-0.016105,0.999863,-0.016108,0.003772,0.016104,0.999870,0.000997,-0.003788,-0.000936,0.999992,-0.003772,-0.000997,-0.999992,0.085330,-0.002024,-0.018883,0.004972,-0.000917,0.001083,23.891056,28.353840,-1.000000,-1.000000,-1.000000
482148604.948963,0.036072,-0.003708,-1.032288,-0.003772,0.000997,-0.016105,0.999863,-0.016108,0.003772,0.016104,0.999870,0.000997,-0.003788,-0.000936,0.999992,-0.003772,-0.000997,-0.999992,0.085330,-0.002024,-0.018883,0.004972,-0.000917,0.001083,23.891056,28.353840,-1.000000,-1.000000,-1.000000
482148604.959883,0.040253,-0.007477,-1.020340,-0.003772,0.000997,-0.016105,0.999863,-0.016108,0.003772,0.016104,0.999870,0.000997,-0.003788,-0.000936,0.999992,-0.003772,-0.000997,-0.999992,0.085330,-0.002024,-0.018883,0.004972,-0.000917,0.001083,23.891056,28.353840,-1.000000,-1.000000,-1.000000
482148604.969870,0.038528,-0.006577,-1.024323,-0.003772,0.000997,-0.016105,0.999863,-0.016108,0.003772,0.016104,0.999870,0.000997,-0.003788,-0.000936,0.999992,-0.003772,-0.000997,-0.999992,0.085330,-0.002024,-0.018883,0.004972,-0.000917,0.001083,23.891056,28.353840,-1.000000,-1.000000,-1.000000
482148604.979922,0.037659,-0.003616,-1.025406,-0.003772,0.000997,-0.016105,0.999863,-0.016108,0.003772,0.016104,0.999870,0.000997,-0.003788,-0.000936,0.999992,-0.003772,-0.000997,-0.999992,0.085330,-0.002024,-0.018883,0.004972,-0.000917,0.001083,23.891056,28.353840,-1.000000,-1.000000,-1.000000
482148604.989879,0.043564,-0.005539,-1.025986,-0.003772,0.000997,-0.016105,0.999863,-0.016108,0.003772,0.016104,0.999870,0.000997,-0.003788,-0.000936,0.999992,-0.003772,-0.000997,-0.999992,0.085330,-0.002024,-0.018883,0.004972,-0.000917,0.001083,23.891056,28.353840,-1.000000,-1.000000,-1.000000
482148604.999845,0.036469,-0.004578,-1.021561,-0.003772,0.000997,-0.016105,0.999863,-0.016108,0.003772,0.016104,0.999870,0.000997,-0.003788,-0.000936,0.999992,-0.003772,-0.000997,-0.999992,0.085330,-0.002024,-0.018883,0.004972,-0.000917,0.001083,23.891056,28.353840,-1.000000,-1.000000,-1.000000
482148605.008913,0.038681,-0.000641,-1.024399,-0.003772,0.000997,-0.016105,0.999863,-0.016108,0.003772,0.016104,0.999870,0.000997,-0.003788,-0.000936,0.999992,-0.003772,-0.000997,-0.999992,0.085330,-0.002024,-0.018883,0.004972,-0.000917,0.001083,23.891056,28.353840,-1.000000,-1.000000,-1.000000
482148605.019848,0.042526,-0.005539,-1.025085,-0.003772,0.000997,-0.016105,0.999863,-0.016108,0.003772,0.016104,0.999870,0.000997,-0.003788,-0.000936,0.999992,-0.003772,-0.000997,-0.999992,0.085330,-0.002024,-0.018883,0.004972,-0.000917,0.001083,23.891056,28.353840,-1.000000,-1.000000,-1.000000
482148605.029239,0.042526,-0.005539,-1.025085,-0.003772,0.000997,-0.016105,0.999863,-0.016108,0.003772,0.016104,0.999870,0.000997,-0.003788,-0.000936,0.999992,-0.003772,-0.000997,-0.999992,0.085330,-0.002024,-0.018883,0.004972,-0.000917,0.001083,23.891056,28.353840,-1.000000,-1.000000,-1.000000
482148605.039870,0.038651,-0.001617,-1.024384,-0.003772,0.000997,-0.016105,0.999863,-0.016108,0.003772,0.016104,0.999870,0.000997,-0.003788,-0.000936,0.999992,-0.003772,-0.000997,-0.999992,0.085330,-0.002024,-0.018883,0.004972,-0.000917,0.001083,23.891056,28.353840,-1.000000,-1.000000,-1.000000
482148605.049854,0.038345,-0.007523,-1.021408,-0.003772,0.000997,-0.016105,0.999863,-0.016108,0.003772,0.016104,0.999870,0.000997,-0.003788,-0.000936,0.999992,-0.003772,-0.000997,-0.999992,0.085330,-0.002024,-0.018883,0.004972,-0.000917,0.001083,23.891056,28.353840,-1.000000,-1.000000,-1.000000
482148605.060037,0.043457,-0.005524,-1.024048,-0.003772,0.000997,-0.016105,0.999863,-0.016108,0.003772,0.016104,0.999870,0.000997,-0.003788,-0.000936,0.999992,-0.003772,-0.000997,-0.999992,0.085330,-0.002024,-0.018883,0.004972,-0.000917,0.001083,23.891056,28.353840,-1.000000,-1.000000,-1.000000
482148605.069898,0.039307,-0.010498,-1.022278,-0.003772,0.000997,-0.016105,0.999863,-0.016108,0.003772,0.016104,0.999870,0.000997,-0.003788,-0.000936,0.999992,-0.003772,-0.000997,-0.999992,0.085330,-0.002024,-0.018883,0.004972,-0.000917,0.001083,23.891056,28.353840,-1.000000,-1.000000,-1.000000
482148605.079919,0.036636,-0.008591,-1.026367,-0.003772,0.000997,-0.016105,0.999863,-0.016108,0.003772,0.016104,0.999870,0.000997,-0.003788,-0.000936,0.999992,-0.003772,-0.000997,-0.999992,0.085330,-0.002024,-0.018883,0.004972,-0.000917,0.001083,23.891056,28.353840,-1.000000,-1.000000,-1.000000
482148605.089076,0.038498,-0.009552,-1.025269,-0.003772,0.000997,-0.016105,0.999863,-0.016108,0.003772,0.016104,0.999870,0.000997,-0.003788,-0.000936,0.999992,-0.003772,-0.000997,-0.999992,0.085330,-0.002024,-0.018883,0.004972,-0.000917,0.001083,23.891056,28.353840,-1.000000,-1.000000,-1.000000
482148605.099022,0.039581,-0.003586,-1.024307,-0.003772,0.000997,-0.016105,0.999863,-0.016108,0.003772,0.016104,0.999870,0.000997,-0.003788,-0.000936,0.999992,-0.003772,-0.000997,-0.999992,0.085330,-0.002024,-0.018883,0.004972,-0.000917,0.001083,23.891056,28.353840,-1.000000,-1.000000,-1.000000
482148605.109856,0.041687,-0.005569,-1.028030,-0.003772,0.000997,-0.016105,0.999863,-0.016108,0.003772,0.016104,0.999870,0.000997,-0.003788,-0.000936,0.999992,-0.003772,-0.000997,-0.999992,0.085330,-0.002024,-0.018883,0.004972,-0.000917,0.001083,23.891056,28.353840,-1.000000,-1.000000,-1.000000
482148605.120223,0.039429,-0.007523,-1.023300,-0.003772,0.000997,-0.016105,0.999863,-0.016108,0.003772,0.016104,0.999870,0.000997,-0.003788,-0.000936,0.999992,-0.003772,-0.000997,-0.999992,0.085330,-0.002024,-0.018883,0.004972,-0.000917,0.001083,23.891056,28.353840,-1.000000,-1.000000,-1.000000
482148605.130105,0.038528,-0.004578,-1.023392,-0.003772,0.000997,-0.016105,0.999863,-0.016108,0.003772,0.016104,0.999870,0.000997,-0.003788,-0.000936,0.999992,-0.003772,-0.000997,-0.999992,0.085330,-0.002024,-0.018883,0.004972,-0.000917,0.001083,23.891056,28.353840,-1.000000,-1.000000,-1.000000
482148605.139353,0.038528,-0.004578,-1.023392,-0.003772,0.000997,-0.016105,0.999863,-0.016108,0.003772,0.016104,0.999870,0.000997,-0.003788,-0.000936,0.999992,-0.003772,-0.000997,-0.999992,0.085330,-0.002024,-0.018883,0.004972,-0.000917,0.001083,23.891056,28.353840,-1.000000,-1.000000,-1.000000
482148605.149972,0.039536,-0.005569,-1.024277,-0.003772,0.000997,-0.016105,0.999863,-0.016108,0.003772,0.016104,0.999870,0.000997,-0.003788,-0.000936,0.999992,-0.003772,-0.000997,-0.999992,0.085330,-0.002024,-0.018883,0.004972,-0.000917,0.001083,23.891056,28.353840,-1.000000,-1.000000,-1.000000
482148605.159072,0.044556,-0.004532,-1.025940,-0.003772,0.000997,-0.016105,0.999863,-0.016108,0.003772,0.016104,0.999870,0.000997,-0.003788,-0.000936,0.999992,-0.003772,-0.000997,-0.999992,0.085330,-0.002024,-0.018883,0.004972,-0.000917,0.001083,23.891056,28.353840,-1.000000,-1.000000,-1.000000
482148605.170193,0.038483,-0.002579,-1.021454,-0.003772,0.000997,-0.016105,0.999863,-0.016108,0.003772,0.016104,0.999870,0.000997,-0.003788,-0.000936,0.999992,-0.003772,-0.000997,-0.999992,0.085330,-0.002024,-0.018883,0.004972,-0.000917,0.001083,23.891056,28.353840,-1.000000,-1.000000,-1.000000
482148605.179928,0.040527,-0.004562,-1.024246,-0.003772,0.000997,-0.016105,0.999863,-0.016108,0.003772,0.016104,0.999870,0.000997,-0.003788,-0.000936,0.999992,-0.003772,-0.000997,-0.999992,0.085330,-0.002024,-0.018883,0.004972,-0.000917,0.001083,23.891056,28.353840,-1.000000,-1.000000,-1.000000
482148605.189978,0.038788,-0.002640,-1.027267,-0.003772,0.000997,-0.016105,0.999863,-0.016108,0.003772,0.016104,0.999870,0.000997,-0.003788,-0.000936,0.999992,-0.003772,-0.000997,-0.999992,0.085330,-0.002024,-0.018883,0.004972,-0.000917,0.001083,23.891056,28.353840,-1.000000,-1.000000,-1.000000
482148605.200074,0.036606,-0.003601,-1.023529,-0.003772,0.000997,-0.016105,0.999863,-0.016108,0.003772,0.016104,0.999870,0.000997,-0.003788,-0.000936,0.999992,-0.003772,-0.000997,-0.999992,0.085330,-0.002024,-0.018883,0.004972,-0.000917,0.001083,23.891056,28.353840,-1.000000,-1.000000,-1.000000
482148605.210314,0.035629,-0.006622,-1.025482,-0.003772,0.000997,-0.016105,0.999863,-0.016108,0.003772,0.016104,0.999870,0.000997,-0.003788,-0.000936,0.999992,-0.003772,-0.000997,-0.999992,0.085330,-0.002024,-0.018883,0.004972,-0.000917,0.001083,23.891056,28.353840,-1.000000,-1.000000,-1.000000
482148605.220422,0.042358,-0.010468,-1.024048,0.037683,0.006418,-0.000122,0.999290,0.000120,-0.037673,0.000122,0.999979,0.006418,0.037673,-0.006418,0.999269,0.037673,-0.006418,-0.999269,0.001115,0.003778,-0.027998,-0.002557,0.002602,-0.000342,23.891056,28.353840,-1.000000,-1.000000,-1.000000
482148605.229957,0.035568,-0.011551,-1.026398,0.037478,0.006032,-0.000156,0.999298,0.000070,-0.037468,0.000156,0.999982,0.006032,0.037468,-0.006034,0.999280,0.037468,-0.006032,-0.999280,-0.000863,0.002431,-0.024249,-0.004906,0.002602,-0.001639,23.891056,28.353840,-1.000000,-1.000000,-1.000000
482148605.239997,0.037872,-0.003647,-1.029266,0.037478,0.006032,-0.000156,0.999298,0.000070,-0.037468,0.000156,0.999982,0.006032,0.037468,-0.006034,0.999280,0.037468,-0.006032,-0.999280,-0.000863,0.002431,-0.024249,-0.004906,0.002602,-0.001639,23.891056,28.353840,-1.000000,-1.000000,-1.000000
482148605.250055,0.037872,-0.003647,-1.029266,0.037657,0.006446,-0.000075,0.999291,0.000168,-0.037647,0.000075,0.999979,0.006446,0.037648,-0.006444,0.999270,0.037647,-0.006446,-0.999270,0.004711,-0.004021,-0.024778,-0.005173,0.003838,0.003030,23.891056,28.353840,-1.000000,-1.000000,-1.000000
482148605.259297,0.037598,-0.008575,-1.026306,0.037403,0.006828,-0.000005,0.999301,0.000250,-0.037393,0.000005,0.999977,0.006828,0.037394,-0.006823,0.999277,0.037393,-0.006828,-0.999277,-0.001825,-0.004723,-0.027120,-0.001614,0.000252,0.004437,23.891056,28.353840,-1.000000,-1.000000,-1.000000
482148605.269973,0.038406,-0.009521,-1.023331,0.037299,0.006518,-0.000046,0.999304,0.000197,-0.037290,0.000046,0.999979,0.006518,0.037290,-0.006515,0.999283,0.037290,-0.006518,-0.999283,0.000583,0.002871,-0.029983,-0.008594,-0.000954,-0.000609,23.891056,28.353840,-1.000000,-1.000000,-1.000000
482148605.280414,0.043411,-0.005508,-1.023087,0.037299,0.006518,-0.000046,0.999304,0.000197,-0.037290,0.000046,0.999979,0.006518,0.037290,-0.006515,0.999283,0.037290,-0.006518,-0.999283,0.000583,0.002871,-0.029983,-0.008594,-0.000954,-0.000609,23.891056,28.353840,-1.000000,-1.000000,-1.000000
482148605.290057,0.044724,-0.010529,-1.031662,0.037234,0.006614,-0.000058,0.999307,0.000188,-0.037224,0.000058,0.999978,0.006614,0.037225,-0.006612,0.999285,0.037224,-0.006614,-0.999285,0.000373,-0.001961,-0.027021,-0.006312,0.002637,0.001812,23.891056,28.353840,-1.000000,-1.000000,-1.000000
482148605.299317,0.040710,-0.005585,-1.028091,0.037590,0.006695,-0.000016,0.999294,0.000236,-0.037581,0.000015,0.999978,0.006695,0.037581,-0.006691,0.999271,0.037581,-0.006695,-0.999271,0.005831,0.001187,-0.023815,-0.000071,0.002584,-0.001388,23.891056,28.353840,-1.000000,-1.000000,-1.000000
482148605.309918,0.038330,-0.008530,-1.021393,0.037590,0.006695,-0.000016,0.999294,0.000236,-0.037581,0.000015,0.999978,0.006695,0.037581,-0.006691,0.999271,0.037581,-0.006695,-0.999271,0.005831,0.001187,-0.023815,-0.000071,0.002584,-0.001388,23.891056,28.353840,-1.000000,-1.000000,-1.000000
482148605.319973,0.039459,-0.008545,-1.024246,0.037620,0.006671,0.000004,0.999292,0.000255,-0.037610,-0.000004,0.999978,0.006671,0.037611,-0.006666,0.999270,0.037610,-0.006671,-0.999270,0.005801,0.001163,-0.023816,-0.002755,0.003830,0.003155,23.891056,28.353840,-1.000000,-1.000000,-1.000000
482148605.329923,0.038757,-0.003632,-1.027267,0.038055,0.006724,0.000061,0.999276,0.000317,-0.038045,-0.000061,0.999977,0.006724,0.038046,-0.006716,0.999253,0.038045,-0.006724,-0.999253,0.002665,0.001139,-0.028838,-0.006443,0.000282,0.004186,23.891056,28.353840,-1.000000,-1.000000,-1.000000
482148605.339973,0.039307,-0.010498,-1.022278,0.038021,0.006851,0.000082,0.999277,0.000342,-0.038011,-0.000082,0.999977,0.006851,0.038013,-0.006843,0.999254,0.038011,-0.006851,-0.999254,0.000319,-0.001679,-0.022139,0.005771,-0.000984,0.002488,23.891056,28.353840,-1.000000,-1.000000,-1.000000
482148605.350047,0.039307,-0.010498,-1.022278,0.038021,0.006851,0.000082,0.999277,0.000342,-0.038011,-0.000082,0.999977,0.006851,0.038013,-0.006843,0.999254,0.038011,-0.006851,-0.999254,0.000319,-0.001679,-0.022139,0.005771,-0.000984,0.002488,23.891056,28.353840,-1.000000,-1.000000,-1.000000
482148605.359936,0.041611,-0.004562,-1.026123,0.038013,0.006658,0.000121,0.999278,0.000374,-0.038003,-0.000121,0.999978,0.006658,0.038005,-0.006648,0.999255,0.038003,-0.006658,-0.999255,0.000754,0.003026,-0.028012,-0.007249,-0.002164,-0.002873,23.891056,28.353840,-1.000000,-1.000000,-1.000000
482148605.369936,0.038727,-0.006607,-1.028183,0.037999,0.006606,0.000135,0.999278,0.000385,-0.037989,-0.000135,0.999978,0.006606,0.037990,-0.006596,0.999256,0.037989,-0.006606,-0.999256,0.000769,0.002975,-0.028011,-0.005102,0.000255,0.001906,23.891056,28.353840,-1.000000,-1.000000,-1.000000
482148605.379933,0.040512,-0.005554,-1.024231,0.038173,0.006581,0.000145,0.999271,0.000396,-0.038163,-0.000145,0.999978,0.006581,0.038165,-0.006571,0.999250,0.038163,-0.006581,-0.999250,0.003448,0.002019,-0.026873,-0.001410,-0.000960,0.000940,23.891056,28.353840,-1.000000,-1.000000,-1.000000
482148605.389873,0.042633,-0.005554,-1.027008,0.038173,0.006581,0.000145,0.999271,0.000396,-0.038163,-0.000145,0.999978,0.006581,0.038165,-0.006571,0.999250,0.038163,-0.006581,-0.999250,0.003448,0.002019,-0.026873,-0.001410,-0.000960,0.000940,23.891056,28.353840,-1.000000,-1.000000,-1.000000
482148605.399924,0.038452,-0.005569,-1.022400,0.038108,0.006572,0.000176,0.999274,0.000427,-0.038098,-0.000176,0.999978,0.006572,0.038100,-0.006560,0.999252,0.038098,-0.006572,-0.999252,0.000629,-0.000035,-0.028931,0.001008,-0.008133,0.001161,23.891056,28.353840,-1.000000,-1.000000,-1.000000
482148605.409966,0.037781,-0.004623,-1.028275,0.038286,0.006429,0.000139,0.999267,0.000385,-0.038275,-0.000139,0.999979,0.006429,0.038277,-0.006419,0.999247,0.038275,-0.006429,-0.999247,0.004358,0.000875,-0.027762,-0.004633,-0.005776,-0.006213,23.891056,28.353840,-1.000000,-1.000000,-1.000000
482148605.420011,0.036774,-0.004639,-1.027374,0.038286,0.006429,0.000139,0.999267,0.000385,-0.038275,-0.000139,0.999979,0.006429,0.038277,-0.006419,0.999247,0.038275,-0.006429,-0.999247,0.004358,0.000875,-0.027762,-0.004633,-0.005776,-0.006213,23.891056,28.353840,-1.000000,-1.000000,-1.000000
482148605.429915,0.040787,-0.004608,-1.029083,0.038281,0.006343,0.000164,0.999267,0.000406,-0.038271,-0.000164,0.999980,0.006343,0.038273,-0.006332,0.999247,0.038271,-0.006343,-0.999247,0.000181,0.000773,-0.023153,-0.007723,0.001500,0.005278,23.891056,28.353840,-1.000000,-1.000000,-1.000000
482148605.439925,0.039444,-0.004562,-1.022354,0.038256,0.006157,0.000234,0.999268,0.000470,-0.038246,-0.000234,0.999981,0.006157,0.038248,-0.006144,0.999249,0.038246,-0.006157,-0.999249,-0.000465,0.001534,-0.029025,-0.003969,0.003848,0.003092,23.891056,28.353840,-1.000000,-1.000000,-1.000000
482148605.449924,0.040787,-0.004608,-1.029083,0.038157,0.006041,0.000297,0.999272,0.000527,-0.038147,-0.000297,0.999982,0.006041,0.038150,-0.006026,0.999254,0.038147,-0.006041,-0.999254,-0.001374,0.001403,-0.028120,-0.005245,-0.003302,0.004296,23.891056,28.353840,-1.000000,-1.000000,-1.000000
482148605.459623,0.040787,-0.004608,-1.029083,0.038157,0.006041,0.000297,0.999272,0.000527,-0.038147,-0.000297,0.999982,0.006041,0.038150,-0.006026,0.999254,0.038147,-0.006041,-0.999254,-0.001374,0.001403,-0.028120,-0.005245,-0.003302,0.004296,23.891056,28.353840,-1.000000,-1.000000,-1.000000
482148605.470057,0.038116,-0.008484,-1.017517,0.038240,0.005891,0.000347,0.999269,0.000572,-0.038230,-0.000347,0.999983,0.005891,0.038233,-0.005874,0.999252,0.038230,-0.005891,-0.999252,0.001214,0.001329,-0.023103,-0.002970,0.000293,0.006716,23.891056,28.353840,-1.000000,-1.000000,-1.000000
482148605.479753,0.042374,-0.003510,-1.021225,0.038214,0.005830,0.000280,0.999270,0.000503,-0.038205,-0.000280,0.999983,0.005830,0.038207,-0.005815,0.999253,0.038205,-0.005830,-0.999253,0.001239,0.001268,-0.023101,-0.005721,-0.004603,-0.008635,23.891056,28.353840,-1.000000,-1.000000,-1.000000
482148605.489907,0.040314,-0.011459,-1.023209,0.038283,0.005786,0.000286,0.999267,0.000507,-0.038273,-0.000286,0.999983,0.005786,0.038276,-0.005771,0.999251,0.038273,-0.005786,-0.999251,-0.000157,-0.002698,-0.018267,-0.000217,0.001424,0.000970,23.891056,28.353840,-1.000000,-1.000000,-1.000000
482148605.499350,0.039536,-0.005569,-1.024277,0.038283,0.005786,0.000286,0.999267,0.000507,-0.038273,-0.000286,0.999983,0.005786,0.038276,-0.005771,0.999251,0.038273,-0.005786,-0.999251,-0.000157,-0.002698,-0.018267,-0.000217,0.001424,0.000970,23.891056,28.353840,-1.000000,-1.000000,-1.000000
482148605.509936,0.045425,-0.004501,-1.023941,0.038432,0.005656,0.000255,0.999261,0.000472,-0.038422,-0.000255,0.999984,0.005656,0.038424,-0.005642,0.999246,0.038422,-0.005656,-0.999246,0.003952,0.002146,-0.021979,-0.004920,0.005011,-0.001672,23.891056,28.353840,-1.000000,-1.000000,-1.000000
482148605.519905,0.038528,-0.004578,-1.023392,0.038451,0.005721,0.000278,0.999261,0.000497,-0.038441,-0.000278,0.999984,0.005721,0.038443,-0.005706,0.999245,0.038441,-0.005721,-0.999245,0.001094,0.000151,-0.025032,-0.007659,0.001496,0.004107,23.891056,28.353840,-1.000000,-1.000000,-1.000000
482148605.529993,0.041656,-0.006561,-1.028015,0.038451,0.005721,0.000278,0.999261,0.000497,-0.038441,-0.000278,0.999984,0.005721,0.038443,-0.005706,0.999245,0.038441,-0.005721,-0.999245,0.001094,0.000151,-0.025032,-0.007659,0.001496,0.004107,23.891056,28.353840,-1.000000,-1.000000,-1.000000
482148605.540009,0.038757,-0.003632,-1.027267,0.038641,0.005682,0.000318,0.999253,0.000537,-0.038631,-0.000318,0.999984,0.005682,0.038633,-0.005665,0.999237,0.038631,-0.005682,-0.999237,0.006795,0.001180,-0.024704,-0.000146,0.000243,-0.000186,23.891056,28.353840,-1.000000,-1.000000,-1.000000
482148605.549966,0.038742,-0.008606,-1.029144,0.038641,0.005575,0.000335,0.999253,0.000550,-0.038631,-0.000335,0.999984,0.005575,0.038633,-0.005558,0.999238,0.038631,-0.005575,-0.999238,-0.000102,0.000997,-0.024154,-0.004848,0.005014,-0.002843,23.891056,28.353840,-1.000000,-1.000000,-1.000000
482148605.559854,0.038681,-0.002625,-1.025345,0.038706,0.005576,0.000317,0.999251,0.000532,-0.038696,-0.000317,0.999984,0.005576,0.038698,-0.005560,0.999235,0.038696,-0.005576,-0.999235,0.002961,-0.000985,-0.028780,-0.002496,0.001439,-0.001498,23.891056,28.353840,-1.000000,-1.000000,-1.000000
482148605.569987,0.038681,-0.002625,-1.025345,0.038706,0.005576,0.000317,0.999251,0.000532,-0.038696,-0.000317,0.999984,0.005576,0.038698,-0.005560,0.999235,0.038696,-0.005576,-0.999235,0.002961,-0.000985,-0.028780,-0.002496,0.001439,-0.001498,23.891056,28.353840,-1.000000,-1.000000,-1.000000
482148605.579906,0.038605,-0.003601,-1.024368,0.038670,0.005563,0.000351,0.999252,0.000566,-0.038660,-0.000351,0.999984,0.005563,0.038663,-0.005546,0.999237,0.038660,-0.005563,-0.999237,0.000082,-0.003043,-0.029907,0.000861,0.003847,0.003343,23.891056,28.353840,-1.000000,-1.000000,-1.000000
482148605.589864,0.038712,-0.005615,-1.027237,0.038678,0.005550,0.000381,0.999252,0.000596,-0.038668,-0.000381,0.999985,0.005550,0.038671,-0.005531,0.999237,0.038668,-0.005550,-0.999237,0.000074,-0.003056,-0.029908,-0.004238,0.001522,0.007809,23.891056,28.353840,-1.000000,-1.000000,-1.000000
482148605.599927,0.040405,-0.007507,-1.023254,0.038636,0.005337,0.000377,0.999254,0.000583,-0.038626,-0.000377,0.999986,0.005337,0.038629,-0.005318,0.999240,0.038626,-0.005337,-0.999240,-0.000022,0.001736,-0.025129,-0.004855,0.000234,-0.002780,23.891056,28.353840,-1.000000,-1.000000,-1.000000
482148605.609867,0.036728,-0.006622,-1.027344,0.038636,0.005337,0.000377,0.999254,0.000583,-0.038626,-0.000377,0.999986,0.005337,0.038629,-0.005318,0.999240,0.038626,-0.005337,-0.999240,-0.000022,0.001736,-0.025129,-0.004855,0.000234,-0.002780,23.891056,28.353840,-1.000000,-1.000000,-1.000000
482148605.619921,0.043259,-0.005478,-1.020172,0.038606,0.005305,0.000381,0.999255,0.000585,-0.038595,-0.000381,0.999986,0.005305,0.038598,-0.005287,0.999241,0.038595,-0.005305,-0.999241,0.000116,-0.000310,-0.027996,-0.003782,0.001441,-0.000391,23.891056,28.353840,-1.000000,-1.000000,-1.000000
482148605.629923,0.038452,-0.003571,-1.021454,0.038596,0.005405,0.000453,0.999255,0.000661,-0.038586,-0.000453,0.999985,0.005405,0.038589,-0.005384,0.999241,0.038586,-0.005405,-0.999241,-0.001858,-0.001217,-0.028103,0.002132,0.001430,0.002267,23.891056,28.353840,-1.000000,-1.000000,-1.000000
482148605.640000,0.042206,-0.010437,-1.021133,0.038596,0.005405,0.000453,0.999255,0.000661,-0.038586,-0.000453,0.999985,0.005405,0.038589,-0.005384,0.999241,0.038586,-0.005405,-0.999241,-0.001858,-0.001217,-0.028103,0.002132,0.001430,0.002267,23.891056,28.353840,-1.000000,-1.000000,-1.000000
482148605.649927,0.039536,-0.005569,-1.024277,0.038604,0.005370,0.000467,0.999255,0.000674,-0.038594,-0.000467,0.999985,0.005370,0.038597,-0.005348,0.999241,0.038594,-0.005370,-0.999241,-0.001866,-0.001252,-0.028103,-0.006189,0.001445,-0.000516,23.891056,28.353840,-1.000000,-1.000000,-1.000000
482148605.659886,0.036560,-0.005585,-1.023499,0.038716,0.005229,0.000472,0.999250,0.000674,-0.038706,-0.000472,0.999986,0.005229,0.038709,-0.005207,0.999237,0.038706,-0.005229,-0.999237,-0.000254,0.001658,-0.022217,-0.001297,0.003809,-0.001467,23.891056,28.353840,-1.000000,-1.000000,-1.000000
482148605.669832,0.036560,-0.005585,-1.023499,0.038811,0.005330,0.000475,0.999247,0.000681,-0.038801,-0.000475,0.999986,0.005330,0.038804,-0.005307,0.999233,0.038801,-0.005330,-0.999233,0.003405,-0.005107,-0.021901,-0.003697,0.003827,-0.001593,23.891056,28.353840,-1.000000,-1.000000,-1.000000
482148605.680063,0.040436,-0.008530,-1.024200,0.038811,0.005330,0.000475,0.999247,0.000681,-0.038801,-0.000475,0.999986,0.005330,0.038804,-0.005307,0.999233,0.038801,-0.005330,-0.999233,0.003405,-0.005107,-0.021901,-0.003697,0.003827,-0.001593,23.891056,28.353840,-1.000000,-1.000000,-1.000000
482148605.689750,0.039474,-0.007538,-1.024261,0.038743,0.005268,0.000487,0.999249,0.000691,-0.038733,-0.000487,0.999986,0.005268,0.038736,-0.005246,0.999236,0.038733,-0.005268,-0.999236,-0.002173,-0.000316,-0.024263,-0.001211,-0.002172,-0.002559,23.891056,28.353840,-1.000000,-1.000000,-1.000000
482148605.699944,0.035385,-0.008560,-1.021576,0.038729,0.005222,0.000534,0.999250,0.000735,-0.038719,-0.000534,0.999986,0.005222,0.038722,-0.005197,0.999237,0.038719,-0.005222,-0.999237,-0.002159,-0.000363,-0.024262,-0.004164,0.001503,0.006638,23.891056,28.353840,-1.000000,-1.000000,-1.000000
482148605.709943,0.042603,-0.006546,-1.026993,0.038730,0.005288,0.000562,0.999250,0.000766,-0.038720,-0.000562,0.999986,0.005288,0.038724,-0.005262,0.999236,0.038720,-0.005288,-0.999236,0.000754,-0.002250,-0.025025,-0.001329,-0.000956,-0.000232,23.891056,28.353840,-1.000000,-1.000000,-1.000000
482148605.719945,0.039352,-0.006531,-1.021347,0.038730,0.005288,0.000562,0.999250,0.000766,-0.038720,-0.000562,0.999986,0.005288,0.038724,-0.005262,0.999236,0.038720,-0.005288,-0.999236,0.000754,-0.002250,-0.025025,-0.001329,-0.000956,-0.000232,23.891056,28.353840,-1.000000,-1.000000,-1.000000
482148605.729930,0.041489,-0.003540,-1.023239,0.038627,0.005360,0.000561,0.999254,0.000767,-0.038617,-0.000561,0.999985,0.005360,0.038621,-0.005335,0.999240,0.038617,-0.005360,-0.999240,-0.003232,-0.003200,-0.022336,-0.002459,-0.000975,-0.001465,23.891056,28.353840,-1.000000,-1.000000,-1.000000
482148605.739939,0.039398,-0.004547,-1.021378,0.038699,0.005381,0.000611,0.999251,0.000818,-0.038689,-0.000611,0.999985,0.005381,0.038693,-0.005353,0.999237,0.038689,-0.005381,-0.999237,0.000663,-0.001150,-0.022110,-0.005337,0.000311,0.006592,23.891056,28.353840,-1.000000,-1.000000,-1.000000
482148605.749906,0.040482,-0.008545,-1.025177,0.038699,0.005381,0.000611,0.999251,0.000818,-0.038689,-0.000611,0.999985,0.005381,0.038693,-0.005353,0.999237,0.038689,-0.005381,-0.999237,0.000663,-0.001150,-0.022110,-0.005337,0.000311,0.006592,23.891056,28.353840,-1.000000,-1.000000,-1.000000
482148605.759931,0.038559,-0.005585,-1.024338,0.038702,0.005313,0.000635,0.999251,0.000840,-0.038692,-0.000635,0.999986,0.005313,0.038696,-0.005284,0.999237,0.038692,-0.005313,-0.999237,0.000661,-0.001218,-0.022110,-0.005002,-0.000935,0.000752,23.891056,28.353840,-1.000000,-1.000000,-1.000000
482148605.769894,0.037384,-0.006546,-1.021469,0.038764,0.005236,0.000696,0.999248,0.000898,-0.038754,-0.000696,0.999986,0.005236,0.038758,-0.005205,0.999235,0.038754,-0.005236,-0.999235,0.000644,0.000689,-0.022142,-0.003939,0.005055,0.003077,23.891056,28.353840,-1.000000,-1.000000,-1.000000
482148605.779973,0.037384,-0.006546,-1.021469,0.038784,0.005267,0.000715,0.999248,0.000919,-0.038774,-0.000715,0.999986,0.005267,0.038778,-0.005235,0.999234,0.038774,-0.005267,-0.999234,0.001708,-0.003278,-0.025943,-0.006141,-0.000932,-0.000482,23.891056,28.353840,-1.000000,-1.000000,-1.000000
482148605.789994,0.037491,-0.008560,-1.024368,0.038784,0.005267,0.000715,0.999248,0.000919,-0.038774,-0.000715,0.999986,0.005267,0.038778,-0.005235,0.999234,0.038774,-0.005267,-0.999234,0.001708,-0.003278,-0.025943,-0.006141,-0.000932,-0.000482,23.891056,28.353840,-1.000000,-1.000000,-1.000000
482148605.800011,0.036682,-0.006607,-1.026382,0.038738,0.005243,0.000706,0.999249,0.000908,-0.038728,-0.000706,0.999986,0.005242,0.038732,-0.005211,0.999236,0.038728,-0.005242,-0.999236,-0.001344,-0.001304,-0.022233,-0.003721,0.001432,-0.000388,23.891056,28.353840,-1.000000,-1.000000,-1.000000
