Timestamp,Accel_X,Accel_Y,Accel_Z,Roll,Pitch,Yaw,RM11,RM12,RM13,RM21,RM22,RM23,RM31,RM32,RM33,GravAcc_X,GravAcc_Y,GravAcc_Z,UserAcc_X,UserAcc_Y,UserAcc_Z,RotRate_X,RotRate_Y,RotRate_Z,MagHeading,TrueHeading,HeadingAccuracy,Course,Speed
482148812.163698,0.039627,-0.003601,-1.025284,0.038504,0.005714,0.000015,0.999259,0.000235,-0.038494,-0.000015,0.999984,0.005714,0.038494,-0.005709,0.999242,0.038494,-0.005714,-0.999242,0.001240,0.002098,-0.027964,0.002055,-0.000749,-0.001202,23.164013,27.626797,-1.000000,-1.000000,-1.000000
482148812.173476,0.039536,-0.005569,-1.024277,0.038504,0.005714,0.000015,0.999259,0.000235,-0.038494,-0.000015,0.999984,0.005714,0.038494,-0.005709,0.999242,0.038494,-0.005714,-0.999242,0.001240,0.002098,-0.027964,0.002055,-0.000749,-0.001202,23.164013,27.626797,-1.000000,-1.000000,-1.000000
482148812.182731,0.042526,-0.009506,-1.026962,0.038504,0.005714,0.000015,0.999259,0.000235,-0.038494,-0.000015,0.999984,0.005714,0.038494,-0.005709,0.999242,0.038494,-0.005714,-0.999242,0.001240,0.002098,-0.027964,0.002055,-0.000749,-0.001202,23.164013,27.626797,-1.000000,-1.000000,-1.000000
482148812.191867,0.042526,-0.009506,-1.026962,0.038504,0.005714,0.000015,0.999259,0.000235,-0.038494,-0.000015,0.999984,0.005714,0.038494,-0.005709,0.999242,0.038494,-0.005714,-0.999242,0.001240,0.002098,-0.027964,0.002055,-0.000749,-0.001202,23.164013,27.626797,-1.000000,-1.000000,-1.000000
482148812.202777,0.035614,-0.005615,-1.024521,0.038504,0.005714,0.000015,0.999259,0.000235,-0.038494,-0.000015,0.999984,0.005714,0.038494,-0.005709,0.999242,0.038494,-0.005714,-0.999242,0.001240,0.002098,-0.027964,0.002055,-0.000749,-0.001202,23.164013,27.626797,-1.000000,-1.000000,-1.000000
482148812.211739,0.035568,-0.005600,-1.023560,0.038504,0.005714,0.000015,0.999259,0.000235,-0.038494,-0.000015,0.999984,0.005714,0.038494,-0.005709,0.999242,0.038494,-0.005714,-0.999242,0.001240,0.002098,-0.027964,0.002055,-0.000749,-0.001202,23.164013,27.626797,-1.000000,-1.000000,-1.000000
482148812.222558,0.036819,-0.004639,-1.028336,0.038504,0.005714,0.000015,0.999259,0.000235,-0.038494,-0.000015,0.999984,0.005714,0.038494,-0.005709,0.999242,0.038494,-0.005714,-0.999242,0.001240,0.002098,-0.027964,0.002055,-0.000749,-0.001202,23.164013,27.626797,-1.000000,-1.000000,-1.000000
482148812.232598,0.038193,-0.003525,-1.016617,0.038504,0.005714,0.000015,0.999259,0.000235,-0.038494,-0.000015,0.999984,0.005714,0.038494,-0.005709,0.999242,0.038494,-0.005714,-0.999242,0.001240,0.002098,-0.027964,0.002055,-0.000749,-0.001202,23.164013,27.626797,-1.000000,-1.000000,-1.000000
482148812.242550,0.043594,-0.007523,-1.027893,0.038504,0.005714,0.000015,0.999259,0.000235,-0.038494,-0.000015,0.999984,0.005714,0.038494,-0.005709,0.999242,0.038494,-0.005714,-0.999242,0.001240,0.002098,-0.027964,0.002055,-0.000749,-0.001202,23.164013,27.626797,-1.000000,-1.000000,-1.000000
482148812.252549,0.038574,-0.006592,-1.025299,0.038504,0.005714,0.000015,0.999259,0.000235,-0.038494,-0.000015,0.999984,0.005714,0.038494,-0.005709,0.999242,0.038494,-0.005714,-0.999242,0.001240,0.002098,-0.027964,0.002055,-0.000749,-0.001202,23.164013,27.626797,-1.000000,-1.000000,-1.000000
482148812.262350,0.039459,-0.006546,-1.023300,0.038504,0.005714,0.000015,0.999259,0.000235,-0.038494,-0.000015,0.999984,0.005714,0.038494,-0.005709,0.999242,0.038494,-0.005714,-0.999242,0.001240,0.002098,-0.027964,0.002055,-0.000749,-0.001202,23.164013,27.626797,-1.000000,-1.000000,-1.000000
482148812.272547,0.035629,-0.004623,-1.024536,0.038504,0.005714,0.000015,0.999259,0.000235,-0.038494,-0.000015,0.999984,0.005714,0.038494,-0.005709,0.999242,0.038494,-0.005714,-0.999242,0.001240,0.002098,-0.027964,0.002055,-0.000749,-0.001202,23.164013,27.626797,-1.000000,-1.000000,-1.000000
482148812.283590,0.035538,-0.006592,-1.023544,0.038504,0.005714,0.000015,0.999259,0.000235,-0.038494,-0.000015,0.999984,0.005714,0.038494,-0.005709,0.999242,0.038494,-0.005714,-0.999242,0.001240,0.002098,-0.027964,0.002055,-0.000749,-0.001202,23.164013,27.626797,-1.000000,-1.000000,-1.000000
482148812.292459,0.035614,-0.005615,-1.024521,0.038504,0.005714,0.000015,0.999259,0.000235,-0.038494,-0.000015,0.999984,0.005714,0.038494,-0.005709,0.999242,0.038494,-0.005714,-0.999242,0.001240,0.002098,-0.027964,0.002055,-0.000749,-0.001202,23.164013,27.626797,-1.000000,-1.000000,-1.000000
482148812.302550,0.038483,-0.006561,-1.023361,0.038504,0.005714,0.000015,0.999259,0.000235,-0.038494,-0.000015,0.999984,0.005714,0.038494,-0.005709,0.999242,0.038494,-0.005714,-0.999242,0.001240,0.002098,-0.027964,0.002055,-0.000749,-0.001202,23.164013,27.626797,-1.000000,-1.000000,-1.000000
482148812.312531,0.035553,-0.007584,-1.024506,0.038504,0.005714,0.000015,0.999259,0.000235,-0.038494,-0.000015,0.999984,0.005714,0.038494,-0.005709,0.999242,0.038494,-0.005714,-0.999242,0.001240,0.002098,-0.027964,0.002055,-0.000749,-0.001202,23.164013,27.626797,-1.000000,-1.000000,-1.000000
482148812.322537,0.034576,-0.007599,-1.024567,0.038504,0.005714,0.000015,0.999259,0.000235,-0.038494,-0.000015,0.999984,0.005714,0.038494,-0.005709,0.999242,0.038494,-0.005714,-0.999242,0.001240,0.002098,-0.027964,0.002055,-0.000749,-0.001202,23.164013,27.626797,-1.000000,-1.000000,-1.000000
482148812.331956,0.034576,-0.007599,-1.024567,0.038504,0.005714,0.000015,0.999259,0.000235,-0.038494,-0.000015,0.999984,0.005714,0.038494,-0.005709,0.999242,0.038494,-0.005714,-0.999242,0.001240,0.002098,-0.027964,0.002055,-0.000749,-0.001202,23.164013,27.626797,-1.000000,-1.000000,-1.000000
482148812.343606,0.038284,-0.008514,-1.020432,0.038504,0.005714,0.000015,0.999259,0.000235,-0.038494,-0.000015,0.999984,0.005714,0.038494,-0.005709,0.999242,0.038494,-0.005714,-0.999242,0.001240,0.002098,-0.027964,0.002055,-0.000749,-0.001202,23.164013,27.626797,-1.000000,-1.000000,-1.000000
482148812.352629,0.038284,-0.008514,-1.020432,0.038504,0.005714,0.000015,0.999259,0.000235,-0.038494,-0.000015,0.999984,0.005714,0.038494,-0.005709,0.999242,0.038494,-0.005714,-0.999242,0.001240,0.002098,-0.027964,0.002055,-0.000749,-0.001202,23.164013,27.626797,-1.000000,-1.000000,-1.000000
482148812.362524,0.039352,-0.008530,-1.022308,0.038504,0.005714,0.000015,0.999259,0.000235,-0.038494,-0.000015,0.999984,0.005714,0.038494,-0.005709,0.999242,0.038494,-0.005714,-0.999242,0.001240,0.002098,-0.027964,0.002055,-0.000749,-0.001202,23.164013,27.626797,-1.000000,-1.000000,-1.000000
482148812.371795,0.042557,-0.008530,-1.026978,0.038504,0.005714,0.000015,0.999259,0.000235,-0.038494,-0.000015,0.999984,0.005714,0.038494,-0.005709,0.999242,0.038494,-0.005714,-0.999242,0.001240,0.002098,-0.027964,0.002055,-0.000749,-0.001202,23.164013,27.626797,-1.000000,-1.000000,-1.000000
482148812.382580,0.037613,-0.003601,-1.024429,0.038504,0.005714,0.000015,0.999259,0.000235,-0.038494,-0.000015,0.999984,0.005714,0.038494,-0.005709,0.999242,0.038494,-0.005714,-0.999242,0.001240,0.002098,-0.027964,0.002055,-0.000749,-0.001202,23.164013,27.626797,-1.000000,-1.000000,-1.000000
482148812.392529,0.037369,-0.005539,-1.020523,0.038504,0.005714,0.000015,0.999259,0.000235,-0.038494,-0.000015,0.999984,0.005714,0.038494,-0.005709,0.999242,0.038494,-0.005714,-0.999242,0.001240,0.002098,-0.027964,0.002055,-0.000749,-0.001202,23.164013,27.626797,-1.000000,-1.000000,-1.000000
482148812.402652,0.042206,-0.008453,-1.020203,0.038504,0.005714,0.000015,0.999259,0.000235,-0.038494,-0.000015,0.999984,0.005714,0.038494,-0.005709,0.999242,0.038494,-0.005714,-0.999242,0.001240,0.002098,-0.027964,0.002055,-0.000749,-0.001202,23.164013,27.626797,-1.000000,-1.000000,-1.000000
482148812.412592,0.038376,-0.006546,-1.021408,0.038504,0.005714,0.000015,0.999259,0.000235,-0.038494,-0.000015,0.999984,0.005714,0.038494,-0.005709,0.999242,0.038494,-0.005714,-0.999242,0.001240,0.002098,-0.027964,0.002055,-0.000749,-0.001202,23.164013,27.626797,-1.000000,-1.000000,-1.000000
482148812.422551,0.037338,-0.008530,-1.021454,0.038504,0.005714,0.000015,0.999259,0.000235,-0.038494,-0.000015,0.999984,0.005714,0.038494,-0.005709,0.999242,0.038494,-0.005714,-0.999242,0.001240,0.002098,-0.027964,0.002055,-0.000749,-0.001202,23.164013,27.626797,-1.000000,-1.000000,-1.000000
482148812.432509,0.038605,-0.003601,-1.024368,0.038504,0.005714,0.000015,0.999259,0.000235,-0.038494,-0.000015,0.999984,0.005714,0.038494,-0.005709,0.999242,0.038494,-0.005714,-0.999242,0.001240,0.002098,-0.027964,0.002055,-0.000749,-0.001202,23.164013,27.626797,-1.000000,-1.000000,-1.000000
482148812.441826,0.038605,-0.003601,-1.024368,0.038504,0.005714,0.000015,0.999259,0.000235,-0.038494,-0.000015,0.999984,0.005714,0.038494,-0.005709,0.999242,0.038494,-0.005714,-0.999242,0.001240,0.002098,-0.027964,0.002055,-0.000749,-0.001202,23.164013,27.626797,-1.000000,-1.000000,-1.000000
482148812.452616,0.041534,-0.005554,-1.025146,0.038504,0.005714,0.000015,0.999259,0.000235,-0.038494,-0.000015,0.999984,0.005714,0.038494,-0.005709,0.999242,0.038494,-0.005714,-0.999242,0.001240,0.002098,-0.027964,0.002055,-0.000749,-0.001202,23.164013,27.626797,-1.000000,-1.000000,-1.000000
482148812.462596,0.037567,-0.005585,-1.024399,0.038504,0.005714,0.000015,0.999259,0.000235,-0.038494,-0.000015,0.999984,0.005714,0.038494,-0.005709,0.999242,0.038494,-0.005714,-0.999242,0.001240,0.002098,-0.027964,0.002055,-0.000749,-0.001202,23.164013,27.626797,-1.000000,-1.000000,-1.000000
482148812.472544,0.038635,-0.006592,-1.026260,0.038504,0.005714,0.000015,0.999259,0.000235,-0.038494,-0.000015,0.999984,0.005714,0.038494,-0.005709,0.999242,0.038494,-0.005714,-0.999242,0.001240,0.002098,-0.027964,0.002055,-0.000749,-0.001202,23.164013,27.626797,-1.000000,-1.000000,-1.000000
482148812.482629,0.041382,-0.007492,-1.023193,0.038504,0.005714,0.000015,0.999259,0.000235,-0.038494,-0.000015,0.999984,0.005714,0.038494,-0.005709,0.999242,0.038494,-0.005714,-0.999242,0.001240,0.002098,-0.027964,0.002055,-0.000749,-0.001202,23.164013,27.626797,-1.000000,-1.000000,-1.000000
482148812.492549,0.043427,-0.006516,-1.024033,0.038504,0.005714,0.000015,0.999259,0.000235,-0.038494,-0.000015,0.999984,0.005714,0.038494,-0.005709,0.999242,0.038494,-0.005714,-0.999242,0.001240,0.002098,-0.027964,0.002055,-0.000749,-0.001202,23.164013,27.626797,-1.000000,-1.000000,-1.000000
482148812.502703,0.034637,-0.005630,-1.024582,0.038504,0.005714,0.000015,0.999259,0.000235,-0.038494,-0.000015,0.999984,0.005714,0.038494,-0.005709,0.999242,0.038494,-0.005714,-0.999242,0.001240,0.002098,-0.027964,0.002055,-0.000749,-0.001202,23.164013,27.626797,-1.000000,-1.000000,-1.000000
482148812.512543,0.035507,-0.003601,-1.021637,0.038504,0.005714,0.000015,0.999259,0.000235,-0.038494,-0.000015,0.999984,0.005714,0.038494,-0.005709,0.999242,0.038494,-0.005714,-0.999242,0.001240,0.002098,-0.027964,0.002055,-0.000749,-0.001202,23.164013,27.626797,-1.000000,-1.000000,-1.000000
482148812.522626,0.037384,-0.006546,-1.021469,0.038504,0.005714,0.000015,0.999259,0.000235,-0.038494,-0.000015,0.999984,0.005714,0.038494,-0.005709,0.999242,0.038494,-0.005714,-0.999242,0.001240,0.002098,-0.027964,0.002055,-0.000749,-0.001202,23.164013,27.626797,-1.000000,-1.000000,-1.000000
482148812.532404,0.039642,-0.005585,-1.026215,0.038504,0.005714,0.000015,0.999259,0.000235,-0.038494,-0.000015,0.999984,0.005714,0.038494,-0.005709,0.999242,0.038494,-0.005714,-0.999242,0.001240,0.002098,-0.027964,0.002055,-0.000749,-0.001202,23.164013,27.626797,-1.000000,-1.000000,-1.000000
482148812.542494,0.036682,-0.002625,-1.024490,0.038504,0.005714,0.000015,0.999259,0.000235,-0.038494,-0.000015,0.999984,0.005714,0.038494,-0.005709,0.999242,0.038494,-0.005714,-0.999242,0.001240,0.002098,-0.027964,0.002055,-0.000749,-0.001202,23.164013,27.626797,-1.000000,-1.000000,-1.000000
482148812.552562,0.036530,-0.006577,-1.023483,0.038504,0.005714,0.000015,0.999259,0.000235,-0.038494,-0.000015,0.999984,0.005714,0.038494,-0.005709,0.999242,0.038494,-0.005714,-0.999242,0.001240,0.002098,-0.027964,0.002055,-0.000749,-0.001202,23.164013,27.626797,-1.000000,-1.000000,-1.000000
482148812.562457,0.036530,-0.006577,-1.023483,0.038504,0.005714,0.000015,0.999259,0.000235,-0.038494,-0.000015,0.999984,0.005714,0.038494,-0.005709,0.999242,0.038494,-0.005714,-0.999242,0.001240,0.002098,-0.027964,0.002055,-0.000749,-0.001202,23.164013,27.626797,-1.000000,-1.000000,-1.000000
482148812.572555,0.043335,-0.008484,-1.023056,0.038504,0.005714,0.000015,0.999259,0.000235,-0.038494,-0.000015,0.999984,0.005714,0.038494,-0.005709,0.999242,0.038494,-0.005714,-0.999242,0.001240,0.002098,-0.027964,0.002055,-0.000749,-0.001202,23.164013,27.626797,-1.000000,-1.000000,-1.000000
482148812.582536,0.039429,-0.003555,-1.021393,0.038504,0.005714,0.000015,0.999259,0.000235,-0.038494,-0.000015,0.999984,0.005714,0.038494,-0.005709,0.999242,0.038494,-0.005714,-0.999242,0.001240,0.002098,-0.027964,0.002055,-0.000749,-0.001202,23.164013,27.626797,-1.000000,-1.000000,-1.000000
482148812.592554,0.040237,-0.010468,-1.021255,0.038504,0.005714,0.000015,0.999259,0.000235,-0.038494,-0.000015,0.999984,0.005714,0.038494,-0.005709,0.999242,0.038494,-0.005714,-0.999242,0.001240,0.002098,-0.027964,0.002055,-0.000749,-0.001202,23.164013,27.626797,-1.000000,-1.000000,-1.000000
482148812.602535,0.031693,-0.003662,-1.023819,0.038504,0.005714,0.000015,0.999259,0.000235,-0.038494,-0.000015,0.999984,0.005714,0.038494,-0.005709,0.999242,0.038494,-0.005714,-0.999242,0.001240,0.002098,-0.027964,0.002055,-0.000749,-0.001202,23.164013,27.626797,-1.000000,-1.000000,-1.000000
482148812.612601,0.042267,-0.009460,-1.022125,0.038504,0.005714,0.000015,0.999259,0.000235,-0.038494,-0.000015,0.999984,0.005714,0.038494,-0.005709,0.999242,0.038494,-0.005714,-0.999242,0.001240,0.002098,-0.027964,0.002055,-0.000749,-0.001202,23.164013,27.626797,-1.000000,-1.000000,-1.000000
482148812.622557,0.038483,-0.006561,-1.023361,0.038504,0.005714,0.000015,0.999259,0.000235,-0.038494,-0.000015,0.999984,0.005714,0.038494,-0.005709,0.999242,0.038494,-0.005714,-0.999242,0.001240,0.002098,-0.027964,0.002055,-0.000749,-0.001202,23.164013,27.626797,-1.000000,-1.000000,-1.000000
482148812.632531,0.035629,-0.006622,-1.025482,0.038504,0.005714,0.000015,0.999259,0.000235,-0.038494,-0.000015,0.999984,0.005714,0.038494,-0.005709,0.999242,0.038494,-0.005714,-0.999242,0.001240,0.002098,-0.027964,0.002055,-0.000749,-0.001202,23.164013,27.626797,-1.000000,-1.000000,-1.000000
482148812.642572,0.038406,-0.003555,-1.020493,0.038504,0.005714,0.000015,0.999259,0.000235,-0.038494,-0.000015,0.999984,0.005714,0.038494,-0.005709,0.999242,0.038494,-0.005714,-0.999242,0.001240,0.002098,-0.027964,0.002055,-0.000749,-0.001202,23.164013,27.626797,-1.000000,-1.000000,-1.000000
482148812.652776,0.036575,-0.006592,-1.024445,0.038504,0.005714,0.000015,0.999259,0.000235,-0.038494,-0.000015,0.999984,0.005714,0.038494,-0.005709,0.999242,0.038494,-0.005714,-0.999242,0.001240,0.002098,-0.027964,0.002055,-0.000749,-0.001202,23.164013,27.626797,-1.000000,-1.000000,-1.000000
482148812.661805,0.031570,-0.010605,-1.024689,0.038504,0.005714,0.000015,0.999259,0.000235,-0.038494,-0.000015,0.999984,0.005714,0.038494,-0.005709,0.999242,0.038494,-0.005714,-0.999242,0.001240,0.002098,-0.027964,0.002055,-0.000749,-0.001202,23.164013,27.626797,-1.000000,-1.000000,-1.000000
482148812.672387,0.042358,-0.010468,-1.024048,0.038504,0.005714,0.000015,0.999259,0.000235,-0.038494,-0.000015,0.999984,0.005714,0.038494,-0.005709,0.999242,0.038494,-0.005714,-0.999242,0.001240,0.002098,-0.027964,0.002055,-0.000749,-0.001202,23.164013,27.626797,-1.000000,-1.000000,-1.000000
482148812.682543,0.034531,-0.005615,-1.022644,0.038504,0.005714,0.000015,0.999259,0.000235,-0.038494,-0.000015,0.999984,0.005714,0.038494,-0.005709,0.999242,0.038494,-0.005714,-0.999242,0.001240,0.002098,-0.027964,0.002055,-0.000749,-0.001202,23.164013,27.626797,-1.000000,-1.000000,-1.000000
482148812.692018,0.034531,-0.005615,-1.022644,0.038504,0.005714,0.000015,0.999259,0.000235,-0.038494,-0.000015,0.999984,0.005714,0.038494,-0.005709,0.999242,0.038494,-0.005714,-0.999242,0.001240,0.002098,-0.027964,0.002055,-0.000749,-0.001202,23.164013,27.626797,-1.000000,-1.000000,-1.000000
482148812.701720,0.039352,-0.006531,-1.021347,0.038504,0.005714,0.000015,0.999259,0.000235,-0.038494,-0.000015,0.999984,0.005714,0.038494,-0.005709,0.999242,0.038494,-0.005714,-0.999242,0.001240,0.002098,-0.027964,0.002055,-0.000749,-0.001202,23.164013,27.626797,-1.000000,-1.000000,-1.000000
482148812.712576,0.037384,-0.006546,-1.021469,0.038504,0.005714,0.000015,0.999259,0.000235,-0.038494,-0.000015,0.999984,0.005714,0.038494,-0.005709,0.999242,0.038494,-0.005714,-0.999242,0.001240,0.002098,-0.027964,0.002055,-0.000749,-0.001202,23.164013,27.626797,-1.000000,-1.000000,-1.000000
482148812.722576,0.039551,-0.006577,-1.025238,0.038504,0.005714,0.000015,0.999259,0.000235,-0.038494,-0.000015,0.999984,0.005714,0.038494,-0.005709,0.999242,0.038494,-0.005714,-0.999242,0.001240,0.002098,-0.027964,0.002055,-0.000749,-0.001202,23.164013,27.626797,-1.000000,-1.000000,-1.000000
482148812.732433,0.038361,-0.005539,-1.020462,0.038504,0.005714,0.000015,0.999259,0.000235,-0.038494,-0.000015,0.999984,0.005714,0.038494,-0.005709,0.999242,0.038494,-0.005714,-0.999242,0.001240,0.002098,-0.027964,0.002055,-0.000749,-0.001202,23.164013,27.626797,-1.000000,-1.000000,-1.000000
482148812.741838,0.039597,-0.004593,-1.025269,0.038504,0.005714,0.000015,0.999259,0.000235,-0.038494,-0.000015,0.999984,0.005714,0.038494,-0.005709,0.999242,0.038494,-0.005714,-0.999242,0.001240,0.002098,-0.027964,0.002055,-0.000749,-0.001202,23.164013,27.626797,-1.000000,-1.000000,-1.000000
482148812.751879,0.040237,-0.008484,-1.020325,0.038504,0.005714,0.000015,0.999259,0.000235,-0.038494,-0.000015,0.999984,0.005714,0.038494,-0.005709,0.999242,0.038494,-0.005714,-0.999242,0.001240,0.002098,-0.027964,0.002055,-0.000749,-0.001202,23.164013,27.626797,-1.000000,-1.000000,-1.000000
482148812.762503,0.036163,-0.006516,-1.016693,0.038504,0.005714,0.000015,0.999259,0.000235,-0.038494,-0.000015,0.999984,0.005714,0.038494,-0.005709,0.999242,0.038494,-0.005714,-0.999242,0.001240,0.002098,-0.027964,0.002055,-0.000749,-0.001202,23.164013,27.626797,-1.000000,-1.000000,-1.000000
482148812.772577,0.038452,-0.005569,-1.022400,0.038504,0.005714,0.000015,0.999259,0.000235,-0.038494,-0.000015,0.999984,0.005714,0.038494,-0.005709,0.999242,0.038494,-0.005714,-0.999242,0.001240,0.002098,-0.027964,0.002055,-0.000749,-0.001202,23.164013,27.626797,-1.000000,-1.000000,-1.000000
482148812.782523,0.036484,-0.002579,-1.020615,0.038504,0.005714,0.000015,0.999259,0.000235,-0.038494,-0.000015,0.999984,0.005714,0.038494,-0.005709,0.999242,0.038494,-0.005714,-0.999242,0.001240,0.002098,-0.027964,0.002055,-0.000749,-0.001202,23.164013,27.626797,-1.000000,-1.000000,-1.000000
482148812.792667,0.042465,-0.007507,-1.025070,0.038504,0.005714,0.000015,0.999259,0.000235,-0.038494,-0.000015,0.999984,0.005714,0.038494,-0.005709,0.999242,0.038494,-0.005714,-0.999242,0.001240,0.002098,-0.027964,0.002055,-0.000749,-0.001202,23.164013,27.626797,-1.000000,-1.000000,-1.000000
482148812.801978,0.036621,-0.004608,-1.024475,0.038504,0.005714,0.000015,0.999259,0.000235,-0.038494,-0.000015,0.999984,0.005714,0.038494,-0.005709,0.999242,0.038494,-0.005714,-0.999242,0.001240,0.002098,-0.027964,0.002055,-0.000749,-0.001202,23.164013,27.626797,-1.000000,-1.000000,-1.000000
482148812.812830,0.038422,-0.006561,-1.022385,0.038504,0.005714,0.000015,0.999259,0.000235,-0.038494,-0.000015,0.999984,0.005714,0.038494,-0.005709,0.999242,0.038494,-0.005714,-0.999242,0.001240,0.002098,-0.027964,0.002055,-0.000749,-0.001202,23.164013,27.626797,-1.000000,-1.000000,-1.000000
482148812.822490,0.038422,-0.006561,-1.022385,0.038504,0.005714,0.000015,0.999259,0.000235,-0.038494,-0.000015,0.999984,0.005714,0.038494,-0.005709,0.999242,0.038494,-0.005714,-0.999242,0.001240,0.002098,-0.027964,0.002055,-0.000749,-0.001202,23.164013,27.626797,-1.000000,-1.000000,-1.000000
482148812.832673,0.042282,-0.005478,-1.020233,0.038504,0.005714,0.000015,0.999259,0.000235,-0.038494,-0.000015,0.999984,0.005714,0.038494,-0.005709,0.999242,0.038494,-0.005714,-0.999242,0.001240,0.002098,-0.027964,0.002055,-0.000749,-0.001202,23.164013,27.626797,-1.000000,-1.000000,-1.000000
482148812.842667,0.035614,-0.005615,-1.024521,0.038504,0.005714,0.000015,0.999259,0.000235,-0.038494,-0.000015,0.999984,0.005714,0.038494,-0.005709,0.999242,0.038494,-0.005714,-0.999242,0.001240,0.002098,-0.027964,0.002055,-0.000749,-0.001202,23.164013,27.626797,-1.000000,-1.000000,-1.000000
482148812.852560,0.036530,-0.006577,-1.023483,0.038504,0.005714,0.000015,0.999259,0.000235,-0.038494,-0.000015,0.999984,0.005714,0.038494,-0.005709,0.999242,0.038494,-0.005714,-0.999242,0.001240,0.002098,-0.027964,0.002055,-0.000749,-0.001202,23.164013,27.626797,-1.000000,-1.000000,-1.000000
482148812.862629,0.044296,-0.004486,-1.021088,0.038504,0.005714,0.000015,0.999259,0.000235,-0.038494,-0.000015,0.999984,0.005714,0.038494,-0.005709,0.999242,0.038494,-0.005714,-0.999242,0.001240,0.002098,-0.027964,0.002055,-0.000749,-0.001202,23.164013,27.626797,-1.000000,-1.000000,-1.000000
482148812.872656,0.037338,-0.006531,-1.020508,0.038504,0.005714,0.000015,0.999259,0.000235,-0.038494,-0.000015,0.999984,0.005714,0.038494,-0.005709,0.999242,0.038494,-0.005714,-0.999242,0.001240,0.002098,-0.027964,0.002055,-0.000749,-0.001202,23.164013,27.626797,-1.000000,-1.000000,-1.000000
482148812.882640,0.040512,-0.005554,-1.024231,0.038504,0.005714,0.000015,0.999259,0.000235,-0.038494,-0.000015,0.999984,0.005714,0.038494,-0.005709,0.999242,0.038494,-0.005714,-0.999242,0.001240,0.002098,-0.027964,0.002055,-0.000749,-0.001202,23.164013,27.626797,-1.000000,-1.000000,-1.000000
482148812.892609,0.038712,-0.003616,-1.026306,0.038504,0.005714,0.000015,0.999259,0.000235,-0.038494,-0.000015,0.999984,0.005714,0.038494,-0.005709,0.999242,0.038494,-0.005714,-0.999242,0.001240,0.002098,-0.027964,0.002055,-0.000749,-0.001202,23.164013,27.626797,-1.000000,-1.000000,-1.000000
482148812.902401,0.042374,-0.005508,-1.022171,0.038504,0.005714,0.000015,0.999259,0.000235,-0.038494,-0.000015,0.999984,0.005714,0.038494,-0.005709,0.999242,0.038494,-0.005714,-0.999242,0.001240,0.002098,-0.027964,0.002055,-0.000749,-0.001202,23.164013,27.626797,-1.000000,-1.000000,-1.000000
482148812.912745,0.040573,-0.004578,-1.025223,0.038504,0.005714,0.000015,0.999259,0.000235,-0.038494,-0.000015,0.999984,0.005714,0.038494,-0.005709,0.999242,0.038494,-0.005714,-0.999242,0.001240,0.002098,-0.027964,0.002055,-0.000749,-0.001202,23.164013,27.626797,-1.000000,-1.000000,-1.000000
482148812.922697,0.038727,-0.004623,-1.027252,0.038581,0.005436,-0.000084,0.999256,0.000125,-0.038571,0.000084,0.999985,0.005436,0.038571,-0.005435,0.999241,0.038571,-0.005436,-0.999241,0.000141,0.001820,-0.027065,0.000446,0.000425,0.004460,23.164013,27.626797,-1.000000,-1.000000,-1.000000
482148812.932842,0.038727,-0.004623,-1.027252,0.038909,0.005468,-0.000007,0.999243,0.000206,-0.038899,0.000007,0.999985,0.005468,0.038899,-0.005464,0.999228,0.038899,-0.005468,-0.999228,0.003475,-0.000040,-0.022943,0.007560,-0.000778,0.007195,23.164013,27.626797,-1.000000,-1.000000,-1.000000
482148812.942658,0.038239,-0.010483,-1.020401,0.038976,0.005439,0.000037,0.999241,0.000249,-0.038966,-0.000037,0.999985,0.005439,0.038967,-0.005434,0.999226,0.038966,-0.005439,-0.999226,0.001607,0.000862,-0.025997,0.009103,-0.002029,0.001418,23.164013,27.626797,-1.000000,-1.000000,-1.000000
482148812.952824,0.038483,-0.002579,-1.021454,0.038976,0.005439,0.000037,0.999241,0.000249,-0.038966,-0.000037,0.999985,0.005439,0.038967,-0.005434,0.999226,0.038966,-0.005439,-0.999226,0.001607,0.000862,-0.025997,0.009103,-0.002029,0.001418,23.164013,27.626797,-1.000000,-1.000000,-1.000000
482148812.961871,0.043457,-0.011475,-1.026886,0.038846,0.005406,0.000069,0.999246,0.000279,-0.038836,-0.000069,0.999985,0.005406,0.038837,-0.005399,0.999231,0.038836,-0.005406,-0.999231,-0.000109,0.000783,-0.028021,0.006419,-0.001977,0.005977,23.164013,27.626797,-1.000000,-1.000000,-1.000000
482148812.972615,0.040619,-0.005569,-1.026169,0.038697,0.005593,0.000124,0.999251,0.000340,-0.038687,-0.000124,0.999984,0.005593,0.038688,-0.005584,0.999236,0.038687,-0.005593,-0.999236,-0.000204,0.003014,-0.022218,-0.000561,0.000397,0.000883,23.164013,27.626797,-1.000000,-1.000000,-1.000000
482148812.982682,0.038635,-0.010559,-1.028137,0.038697,0.005593,0.000124,0.999251,0.000340,-0.038687,-0.000124,0.999984,0.005593,0.038688,-0.005584,0.999236,0.038687,-0.005593,-0.999236,-0.000204,0.003014,-0.022218,-0.000561,0.000397,0.000883,23.164013,27.626797,-1.000000,-1.000000,-1.000000
482148812.992561,0.039307,-0.006516,-1.020386,0.038968,0.006021,0.000110,0.999241,0.000344,-0.038958,-0.000110,0.999982,0.006021,0.038959,-0.006012,0.999223,0.038958,-0.006021,-0.999223,0.004499,-0.005454,-0.027663,0.004408,0.000358,-0.001208,23.164013,27.626797,-1.000000,-1.000000,-1.000000
482148813.002585,0.040237,-0.008484,-1.020325,0.038965,0.006007,0.000149,0.999241,0.000383,-0.038954,-0.000149,0.999982,0.006007,0.038956,-0.005997,0.999223,0.038954,-0.006007,-0.999223,0.001665,0.000438,-0.026946,0.005282,-0.004368,0.004775,23.164013,27.626797,-1.000000,-1.000000,-1.000000
482148813.012619,0.031845,-0.005692,-1.027649,0.038865,0.006314,0.000201,0.999245,0.000446,-0.038855,-0.000201,0.999980,0.006314,0.038857,-0.006301,0.999225,0.038855,-0.006314,-0.999225,-0.000219,-0.004245,-0.028912,0.003942,-0.000763,0.007007,23.164013,27.626797,-1.000000,-1.000000,-1.000000
482148813.022555,0.040421,-0.004547,-1.022308,0.038865,0.006314,0.000201,0.999245,0.000446,-0.038855,-0.000201,0.999980,0.006314,0.038857,-0.006301,0.999225,0.038855,-0.006314,-0.999225,-0.000219,-0.004245,-0.028912,0.003942,-0.000763,0.007007,23.164013,27.626797,-1.000000,-1.000000,-1.000000
482148813.032602,0.039398,-0.004547,-1.021378,0.038879,0.006360,0.000287,0.999244,0.000534,-0.038868,-0.000287,0.999980,0.006360,0.038871,-0.006344,0.999224,0.038868,-0.006360,-0.999224,0.001369,-0.002124,-0.021101,-0.005518,0.001634,0.002959,23.164013,27.626797,-1.000000,-1.000000,-1.000000
482148813.042650,0.039398,-0.004547,-1.021378,0.038448,0.006298,0.000373,0.999261,0.000615,-0.038438,-0.000373,0.999980,0.006298,0.038441,-0.006279,0.999241,0.038438,-0.006298,-0.999241,-0.006593,0.000606,-0.028408,-0.002297,0.000480,0.010190,23.164013,27.626797,-1.000000,-1.000000,-1.000000
482148813.052612,0.040375,-0.006531,-1.022278,0.038538,0.006279,0.000461,0.999257,0.000702,-0.038528,-0.000461,0.999980,0.006279,0.038532,-0.006257,0.999238,0.038528,-0.006279,-0.999238,0.001893,0.001732,-0.023071,-0.001562,0.000365,-0.002694,23.164013,27.626797,-1.000000,-1.000000,-1.000000
482148813.062594,0.033646,-0.005646,-1.024628,0.038538,0.006279,0.000461,0.999257,0.000702,-0.038528,-0.000461,0.999980,0.006279,0.038532,-0.006257,0.999238,0.038528,-0.006279,-0.999238,0.001893,0.001732,-0.023071,-0.001562,0.000365,-0.002694,23.164013,27.626797,-1.000000,-1.000000,-1.000000
482148813.072629,0.039261,-0.010483,-1.021301,0.038574,0.006190,0.000505,0.999256,0.000744,-0.038564,-0.000505,0.999981,0.006190,0.038567,-0.006166,0.999237,0.038564,-0.006190,-0.999237,0.000835,0.001643,-0.022141,0.006360,0.004384,0.004602,23.164013,27.626797,-1.000000,-1.000000,-1.000000
482148813.082619,0.036453,-0.003571,-1.020615,0.038334,0.006252,0.000561,0.999265,0.000800,-0.038324,-0.000561,0.999980,0.006252,0.038328,-0.006226,0.999246,0.038324,-0.006252,-0.999246,-0.004678,0.000606,-0.025382,0.004953,0.000838,0.008100,23.164013,27.626797,-1.000000,-1.000000,-1.000000
482148813.092611,0.038300,-0.005539,-1.019485,0.038334,0.006252,0.000561,0.999265,0.000800,-0.038324,-0.000561,0.999980,0.006252,0.038328,-0.006226,0.999246,0.038324,-0.006252,-0.999246,-0.004678,0.000606,-0.025382,0.004953,0.000838,0.008100,23.164013,27.626797,-1.000000,-1.000000,-1.000000
482148813.102605,0.038605,-0.005600,-1.025314,0.038345,0.006468,0.000579,0.999265,0.000827,-0.038335,-0.000579,0.999979,0.006468,0.038339,-0.006441,0.999244,0.038335,-0.006468,-0.999244,0.000926,-0.004015,-0.022057,-0.003032,0.000800,-0.000538,23.164013,27.626797,-1.000000,-1.000000,-1.000000
482148813.112608,0.034653,-0.004639,-1.024597,0.038250,0.006347,0.000632,0.999268,0.000875,-0.038240,-0.000632,0.999980,0.006347,0.038245,-0.006318,0.999248,0.038240,-0.006347,-0.999248,-0.001787,0.002776,-0.021366,-0.000753,0.004391,0.001883,23.164013,27.626797,-1.000000,-1.000000,-1.000000
482148813.122664,0.035492,-0.010559,-1.024460,0.038244,0.006347,0.000635,0.999268,0.000877,-0.038234,-0.000635,0.999980,0.006347,0.038239,-0.006318,0.999249,0.038234,-0.006347,-0.999249,0.000065,0.000808,-0.020237,0.005354,0.000774,0.001073,23.164013,27.626797,-1.000000,-1.000000,-1.000000
482148813.132587,0.035492,-0.008575,-1.023529,0.038244,0.006347,0.000635,0.999268,0.000877,-0.038234,-0.000635,0.999980,0.006347,0.038239,-0.006318,0.999249,0.038234,-0.006347,-0.999249,0.000065,0.000808,-0.020237,0.005354,0.000774,0.001073,23.164013,27.626797,-1.000000,-1.000000,-1.000000
482148813.142594,0.039505,-0.004562,-1.023331,0.038053,0.006336,0.000674,0.999276,0.000914,-0.038043,-0.000674,0.999980,0.006336,0.038048,-0.006306,0.999256,0.038043,-0.006336,-0.999256,-0.003391,0.001697,-0.025341,0.010051,-0.000421,0.003683,23.164013,27.626797,-1.000000,-1.000000,-1.000000
482148813.152758,0.039505,-0.004562,-1.023331,0.037914,0.006541,0.000704,0.999281,0.000952,-0.037904,-0.000704,0.999978,0.006541,0.037909,-0.006510,0.999260,0.037904,-0.006541,-0.999260,-0.002412,-0.004018,-0.025200,0.006361,0.000797,0.004650,23.164013,27.626797,-1.000000,-1.000000,-1.000000
482148813.162598,0.037537,-0.006577,-1.024384,0.037817,0.006724,0.000748,0.999285,0.001002,-0.037807,-0.000748,0.999977,0.006724,0.037813,-0.006691,0.999262,0.037807,-0.006724,-0.999262,-0.002315,-0.001852,-0.024267,0.012669,0.003115,0.000247,23.164013,27.626797,-1.000000,-1.000000,-1.000000
482148813.172808,0.040634,-0.004578,-1.026184,0.037817,0.006724,0.000748,0.999285,0.001002,-0.037807,-0.000748,0.999977,0.006724,0.037813,-0.006691,0.999262,0.037807,-0.006724,-0.999262,-0.002315,-0.001852,-0.024267,0.012669,0.003115,0.000247,23.164013,27.626797,-1.000000,-1.000000,-1.000000
482148813.182009,0.034454,-0.006592,-1.021652,0.037857,0.006653,0.000728,0.999283,0.000980,-0.037848,-0.000728,0.999978,0.006653,0.037853,-0.006620,0.999261,0.037848,-0.006653,-0.999261,0.001657,0.002090,-0.024069,-0.001826,0.001983,-0.000491,23.164013,27.626797,-1.000000,-1.000000,-1.000000
482148813.192633,0.036423,-0.004562,-1.020599,0.037921,0.006585,0.000716,0.999281,0.000965,-0.037911,-0.000716,0.999978,0.006585,0.037917,-0.006553,0.999259,0.037911,-0.006585,-0.999259,0.002723,0.002008,-0.026925,0.005353,0.003157,0.001041,23.164013,27.626797,-1.000000,-1.000000,-1.000000
482148813.202768,0.035614,-0.003616,-1.023590,0.037921,0.006585,0.000716,0.999281,0.000965,-0.037911,-0.000716,0.999978,0.006585,0.037917,-0.006553,0.999259,0.037911,-0.006585,-0.999259,0.002723,0.002008,-0.026925,0.005353,0.003157,0.001041,23.164013,27.626797,-1.000000,-1.000000,-1.000000
482148813.212639,0.038651,-0.007584,-1.027222,0.037792,0.006536,0.000718,0.999286,0.000964,-0.037782,-0.000718,0.999978,0.006536,0.037787,-0.006505,0.999265,0.037782,-0.006536,-0.999265,-0.003328,-0.000055,-0.022388,-0.005517,-0.000380,0.000524,23.164013,27.626797,-1.000000,-1.000000,-1.000000
482148813.222645,0.040436,-0.002548,-1.021347,0.037738,0.006527,0.000793,0.999287,0.001038,-0.037728,-0.000793,0.999978,0.006527,0.037734,-0.006493,0.999267,0.037728,-0.006527,-0.999267,-0.001305,0.001965,-0.021333,0.004269,0.004383,-0.001407,23.164013,27.626797,-1.000000,-1.000000,-1.000000
482148813.232624,0.043320,-0.006500,-1.022095,0.037666,0.006469,0.000811,0.999290,0.001054,-0.037656,-0.000811,0.999979,0.006469,0.037662,-0.006433,0.999270,0.037656,-0.006469,-0.999270,-0.002042,0.002852,-0.024320,0.005076,-0.001528,0.005762,23.164013,27.626797,-1.000000,-1.000000,-1.000000
482148813.242615,0.037613,-0.003601,-1.024429,0.037666,0.006469,0.000811,0.999290,0.001054,-0.037656,-0.000811,0.999979,0.006469,0.037662,-0.006433,0.999270,0.037656,-0.006469,-0.999270,-0.002042,0.002852,-0.024320,0.005076,-0.001528,0.005762,23.164013,27.626797,-1.000000,-1.000000,-1.000000
482148813.252606,0.039383,-0.009506,-1.023270,0.037754,0.006382,0.000906,0.999287,0.001146,-0.037745,-0.000906,0.999979,0.006382,0.037751,-0.006343,0.999267,0.037745,-0.006382,-0.999267,0.002691,0.003834,-0.022080,0.000578,0.000828,-0.000377,23.164013,27.626797,-1.000000,-1.000000,-1.000000
482148813.261975,0.039383,-0.009506,-1.023270,0.037891,0.006370,0.000874,0.999282,0.001115,-0.037881,-0.000874,0.999979,0.006370,0.037888,-0.006332,0.999262,0.037881,-0.006370,-0.999262,0.005438,-0.000131,-0.022833,-0.005327,-0.000360,-0.003018,23.164013,27.626797,-1.000000,-1.000000,-1.000000
482148813.272606,0.043228,-0.010452,-1.022049,0.037909,0.006401,0.000852,0.999281,0.001094,-0.037899,-0.000852,0.999979,0.006401,0.037905,-0.006364,0.999261,0.037899,-0.006401,-0.999261,-0.000286,0.002799,-0.025168,0.012855,0.004327,-0.003310,23.164013,27.626797,-1.000000,-1.000000,-1.000000
482148813.282408,0.039261,-0.010483,-1.021301,0.037909,0.006401,0.000852,0.999281,0.001094,-0.037899,-0.000852,0.999979,0.006401,0.037905,-0.006364,0.999261,0.037899,-0.006401,-0.999261,-0.000286,0.002799,-0.025168,0.012855,0.004327,-0.003310,23.164013,27.626797,-1.000000,-1.000000,-1.000000
482148813.292607,0.040451,-0.009521,-1.025162,0.037905,0.006586,0.000828,0.999281,0.001077,-0.037895,-0.000828,0.999978,0.006586,0.037901,-0.006550,0.999260,0.037895,-0.006586,-0.999260,0.001488,-0.002921,-0.024010,0.006686,-0.003981,-0.001170,23.164013,27.626797,-1.000000,-1.000000,-1.000000
482148813.302607,0.041687,-0.005569,-1.028030,0.038052,0.006846,0.000826,0.999276,0.001086,-0.038042,-0.000826,0.999976,0.006846,0.038049,-0.006810,0.999253,0.038042,-0.006846,-0.999253,0.001219,-0.003637,-0.022049,0.001788,0.003213,-0.000346,23.164013,27.626797,-1.000000,-1.000000,-1.000000
482148813.312565,0.038330,-0.008530,-1.021393,0.038052,0.006846,0.000826,0.999276,0.001086,-0.038042,-0.000826,0.999976,0.006846,0.038049,-0.006810,0.999253,0.038042,-0.006846,-0.999253,0.001219,-0.003637,-0.022049,0.001788,0.003213,-0.000346,23.164013,27.626797,-1.000000,-1.000000,-1.000000
482148813.322702,0.040436,-0.006531,-1.023254,0.038120,0.006991,0.000823,0.999273,0.001089,-0.038110,-0.000823,0.999975,0.006990,0.038116,-0.006954,0.999249,0.038110,-0.006990,-0.999249,0.002341,-0.002531,-0.025913,0.006821,0.001968,-0.003592,23.164013,27.626797,-1.000000,-1.000000,-1.000000
482148813.332607,0.035477,-0.004593,-1.021622,0.038196,0.007006,0.000902,0.999270,0.001169,-0.038186,-0.000902,0.999975,0.007006,0.038193,-0.006966,0.999246,0.038186,-0.007006,-0.999246,0.003501,0.001436,-0.028784,0.003935,0.004440,0.004449,23.164013,27.626797,-1.000000,-1.000000,-1.000000
482148813.342659,0.036667,-0.004623,-1.025452,0.038190,0.007058,0.000958,0.999270,0.001227,-0.038180,-0.000958,0.999975,0.007058,0.038188,-0.007016,0.999246,0.038180,-0.007058,-0.999246,0.000150,-0.001472,-0.022147,0.001521,0.000869,0.004371,23.164013,27.626797,-1.000000,-1.000000,-1.000000
482148813.352567,0.040329,-0.004517,-1.020370,0.038190,0.007058,0.000958,0.999270,0.001227,-0.038180,-0.000958,0.999975,0.007058,0.038188,-0.007016,0.999246,0.038180,-0.007058,-0.999246,0.000150,-0.001472,-0.022147,0.001521,0.000869,0.004371,23.164013,27.626797,-1.000000,-1.000000,-1.000000
482148813.362456,0.037613,-0.005600,-1.025375,0.038126,0.006982,0.000946,0.999273,0.001211,-0.038115,-0.000946,0.999975,0.006982,0.038123,-0.006941,0.999249,0.038115,-0.006982,-0.999249,-0.002639,0.002389,-0.022373,0.005617,0.000792,-0.003655,23.164013,27.626797,-1.000000,-1.000000,-1.000000
482148813.372264,0.037613,-0.005600,-1.025375,0.038098,0.006905,0.000947,0.999274,0.001210,-0.038088,-0.000947,0.999976,0.006905,0.038095,-0.006864,0.999251,0.038088,-0.006905,-0.999251,-0.001421,0.002282,-0.026201,-0.004182,0.004434,-0.001863,23.164013,27.626797,-1.000000,-1.000000,-1.000000
482148813.383359,0.036438,-0.007553,-1.022507,0.038117,0.006863,0.000918,0.999273,0.001179,-0.038106,-0.000918,0.999976,0.006863,0.038114,-0.006823,0.999250,0.038106,-0.006863,-0.999250,0.002223,0.002346,-0.021120,-0.000491,0.000828,-0.002798,23.164013,27.626797,-1.000000,-1.000000,-1.000000
482148813.392698,0.036438,-0.007553,-1.022507,0.038117,0.006863,0.000918,0.999273,0.001179,-0.038106,-0.000918,0.999976,0.006863,0.038114,-0.006823,0.999250,0.038106,-0.006863,-0.999250,0.002223,0.002346,-0.021120,-0.000491,0.000828,-0.002798,23.164013,27.626797,-1.000000,-1.000000,-1.000000
482148813.402626,0.040482,-0.008545,-1.025177,0.038071,0.006832,0.000942,0.999275,0.001201,-0.038060,-0.000942,0.999976,0.006831,0.038068,-0.006791,0.999252,0.038060,-0.006831,-0.999252,-0.000448,0.001231,-0.026123,0.002798,-0.001522,0.003279,23.164013,27.626797,-1.000000,-1.000000,-1.000000
482148813.412614,0.034454,-0.006592,-1.021652,0.037992,0.006858,0.000935,0.999278,0.001195,-0.037982,-0.000935,0.999976,0.006858,0.037989,-0.006817,0.999255,0.037982,-0.006858,-0.999255,-0.001544,-0.000695,-0.023252,0.001924,0.002010,-0.002688,23.164013,27.626797,-1.000000,-1.000000,-1.000000
482148813.422654,0.040283,-0.006500,-1.020340,0.037992,0.006858,0.000935,0.999278,0.001195,-0.037982,-0.000935,0.999976,0.006858,0.037989,-0.006817,0.999255,0.037982,-0.006858,-0.999255,-0.001544,-0.000695,-0.023252,0.001924,0.002010,-0.002688,23.164013,27.626797,-1.000000,-1.000000,-1.000000
482148813.432623,0.040283,-0.006500,-1.020340,0.038058,0.006882,0.001006,0.999275,0.001267,-0.038048,-0.001006,0.999976,0.006882,0.038056,-0.006839,0.999252,0.038048,-0.006882,-0.999252,0.002434,-0.001663,-0.025925,-0.001161,0.000933,0.008915,23.164013,27.626797,-1.000000,-1.000000,-1.000000
482148813.442607,0.042221,-0.007446,-1.020218,0.037983,0.006963,0.001070,0.999278,0.001334,-0.037973,-0.001070,0.999975,0.006963,0.037981,-0.006917,0.999255,0.037973,-0.006963,-0.999255,-0.003518,0.000371,-0.022398,0.000381,0.003261,0.003089,23.164013,27.626797,-1.000000,-1.000000,-1.000000
482148813.452560,0.038757,-0.005615,-1.028198,0.038021,0.006975,0.001099,0.999276,0.001363,-0.038011,-0.001099,0.999975,0.006975,0.038020,-0.006928,0.999253,0.038011,-0.006975,-0.999253,0.002272,0.000475,-0.021087,0.003939,-0.001518,0.004513,23.164013,27.626797,-1.000000,-1.000000,-1.000000
482148813.462558,0.041534,-0.007523,-1.026093,0.038021,0.006975,0.001099,0.999276,0.001363,-0.038011,-0.001099,0.999975,0.006975,0.038020,-0.006928,0.999253,0.038011,-0.006975,-0.999253,0.002272,0.000475,-0.021087,0.003939,-0.001518,0.004513,23.164013,27.626797,-1.000000,-1.000000,-1.000000
482148813.472622,0.040649,-0.001602,-1.025253,0.038125,0.007005,0.001134,0.999272,0.001400,-0.038114,-0.001134,0.999975,0.007005,0.038123,-0.006957,0.999249,0.038114,-0.007005,-0.999249,0.004107,-0.000441,-0.020969,0.001589,0.000870,0.003184,23.164013,27.626797,-1.000000,-1.000000,-1.000000
482148813.482278,0.040649,-0.001602,-1.025253,0.038116,0.006995,0.001136,0.999273,0.001402,-0.038106,-0.001136,0.999975,0.006995,0.038115,-0.006946,0.999249,0.038106,-0.006995,-0.999249,0.000652,0.001379,-0.028949,-0.001833,-0.000340,-0.000502,23.164013,27.626797,-1.000000,-1.000000,-1.000000
482148813.492505,0.038437,-0.010529,-1.024277,0.038116,0.006995,0.001136,0.999273,0.001402,-0.038106,-0.001136,0.999975,0.006995,0.038115,-0.006946,0.999249,0.038106,-0.006995,-0.999249,0.000652,0.001379,-0.028949,-0.001833,-0.000340,-0.000502,23.164013,27.626797,-1.000000,-1.000000,-1.000000
482148813.502654,0.041580,-0.003571,-1.025177,0.038175,0.007052,0.001118,0.999270,0.001386,-0.038165,-0.001118,0.999974,0.007052,0.038174,-0.007004,0.999247,0.038165,-0.007052,-0.999247,0.003369,-0.000471,-0.026846,-0.000491,-0.000365,-0.002782,23.164013,27.626797,-1.000000,-1.000000,-1.000000
