Timestamp,Accel_X,Accel_Y,Accel_Z,Roll,Pitch,Yaw,RM11,RM12,RM13,RM21,RM22,RM23,RM31,RM32,RM33,GravAcc_X,GravAcc_Y,GravAcc_Z,UserAcc_X,UserAcc_Y,UserAcc_Z,RotRate_X,RotRate_Y,RotRate_Z,MagHeading,TrueHeading,HeadingAccuracy,Course,Speed
482149302.087282,0.036850,-0.001663,-1.027405,0.038890,0.005605,-0.004056,0.999237,-0.003835,-0.038879,0.004056,0.999976,0.005605,0.038857,-0.005758,0.999228,0.038879,-0.005605,-0.999228,-0.001999,0.000951,-0.030084,0.001088,0.004258,-0.001900,23.408703,27.871487,-1.000000,-1.000000,-1.000000
482149302.097261,0.025009,-0.004593,-1.009628,0.038890,0.005605,-0.004056,0.999237,-0.003835,-0.038879,0.004056,0.999976,0.005605,0.038857,-0.005758,0.999228,0.038879,-0.005605,-0.999228,-0.001999,0.000951,-0.030084,0.001088,0.004258,-0.001900,23.408703,27.871487,-1.000000,-1.000000,-1.000000
482149302.107246,0.077927,-0.010086,-1.027740,0.038890,0.005605,-0.004056,0.999237,-0.003835,-0.038879,0.004056,0.999976,0.005605,0.038857,-0.005758,0.999228,0.038879,-0.005605,-0.999228,-0.001999,0.000951,-0.030084,0.001088,0.004258,-0.001900,23.408703,27.871487,-1.000000,-1.000000,-1.000000
482149302.116367,0.100754,-0.001877,-1.027451,0.038890,0.005605,-0.004056,0.999237,-0.003835,-0.038879,0.004056,0.999976,0.005605,0.038857,-0.005758,0.999228,0.038879,-0.005605,-0.999228,-0.001999,0.000951,-0.030084,0.001088,0.004258,-0.001900,23.408703,27.871487,-1.000000,-1.000000,-1.000000
482149302.126775,0.058258,-0.006165,-1.007614,0.038890,0.005605,-0.004056,0.999237,-0.003835,-0.038879,0.004056,0.999976,0.005605,0.038857,-0.005758,0.999228,0.038879,-0.005605,-0.999228,-0.001999,0.000951,-0.030084,0.001088,0.004258,-0.001900,23.408703,27.871487,-1.000000,-1.000000,-1.000000
482149302.137039,0.053177,-0.000397,-1.019653,0.038890,0.005605,-0.004056,0.999237,-0.003835,-0.038879,0.004056,0.999976,0.005605,0.038857,-0.005758,0.999228,0.038879,-0.005605,-0.999228,-0.001999,0.000951,-0.030084,0.001088,0.004258,-0.001900,23.408703,27.871487,-1.000000,-1.000000,-1.000000
482149302.147008,0.082703,-0.004242,-1.041138,0.038890,0.005605,-0.004056,0.999237,-0.003835,-0.038879,0.004056,0.999976,0.005605,0.038857,-0.005758,0.999228,0.038879,-0.005605,-0.999228,-0.001999,0.000951,-0.030084,0.001088,0.004258,-0.001900,23.408703,27.871487,-1.000000,-1.000000,-1.000000
482149302.157039,0.080414,-0.009949,-1.018845,0.038890,0.005605,-0.004056,0.999237,-0.003835,-0.038879,0.004056,0.999976,0.005605,0.038857,-0.005758,0.999228,0.038879,-0.005605,-0.999228,-0.001999,0.000951,-0.030084,0.001088,0.004258,-0.001900,23.408703,27.871487,-1.000000,-1.000000,-1.000000
482149302.166221,0.075607,-0.003876,-0.999817,0.038890,0.005605,-0.004056,0.999237,-0.003835,-0.038879,0.004056,0.999976,0.005605,0.038857,-0.005758,0.999228,0.038879,-0.005605,-0.999228,-0.001999,0.000951,-0.030084,0.001088,0.004258,-0.001900,23.408703,27.871487,-1.000000,-1.000000,-1.000000
482149302.176564,0.025421,0.000107,-1.033951,0.038890,0.005605,-0.004056,0.999237,-0.003835,-0.038879,0.004056,0.999976,0.005605,0.038857,-0.005758,0.999228,0.038879,-0.005605,-0.999228,-0.001999,0.000951,-0.030084,0.001088,0.004258,-0.001900,23.408703,27.871487,-1.000000,-1.000000,-1.000000
482149302.187020,-0.048447,-0.005753,-1.034409,0.038890,0.005605,-0.004056,0.999237,-0.003835,-0.038879,0.004056,0.999976,0.005605,0.038857,-0.005758,0.999228,0.038879,-0.005605,-0.999228,-0.001999,0.000951,-0.030084,0.001088,0.004258,-0.001900,23.408703,27.871487,-1.000000,-1.000000,-1.000000
482149302.196991,0.027740,-0.004517,-1.005569,0.038890,0.005605,-0.004056,0.999237,-0.003835,-0.038879,0.004056,0.999976,0.005605,0.038857,-0.005758,0.999228,0.038879,-0.005605,-0.999228,-0.001999,0.000951,-0.030084,0.001088,0.004258,-0.001900,23.408703,27.871487,-1.000000,-1.000000,-1.000000
482149302.206908,0.027740,-0.004517,-1.005569,0.038890,0.005605,-0.004056,0.999237,-0.003835,-0.038879,0.004056,0.999976,0.005605,0.038857,-0.005758,0.999228,0.038879,-0.005605,-0.999228,-0.001999,0.000951,-0.030084,0.001088,0.004258,-0.001900,23.408703,27.871487,-1.000000,-1.000000,-1.000000
482149302.217175,0.035385,-0.002777,-1.037201,0.038890,0.005605,-0.004056,0.999237,-0.003835,-0.038879,0.004056,0.999976,0.005605,0.038857,-0.005758,0.999228,0.038879,-0.005605,-0.999228,-0.001999,0.000951,-0.030084,0.001088,0.004258,-0.001900,23.408703,27.871487,-1.000000,-1.000000,-1.000000
482149302.226968,-0.001923,-0.011002,-1.023773,0.038890,0.005605,-0.004056,0.999237,-0.003835,-0.038879,0.004056,0.999976,0.005605,0.038857,-0.005758,0.999228,0.038879,-0.005605,-0.999228,-0.001999,0.000951,-0.030084,0.001088,0.004258,-0.001900,23.408703,27.871487,-1.000000,-1.000000,-1.000000
482149302.236990,0.020142,-0.004852,-1.029327,0.038890,0.005605,-0.004056,0.999237,-0.003835,-0.038879,0.004056,0.999976,0.005605,0.038857,-0.005758,0.999228,0.038879,-0.005605,-0.999228,-0.001999,0.000951,-0.030084,0.001088,0.004258,-0.001900,23.408703,27.871487,-1.000000,-1.000000,-1.000000
482149302.247053,0.044556,-0.004730,-1.044388,0.038890,0.005605,-0.004056,0.999237,-0.003835,-0.038879,0.004056,0.999976,0.005605,0.038857,-0.005758,0.999228,0.038879,-0.005605,-0.999228,-0.001999,0.000951,-0.030084,0.001088,0.004258,-0.001900,23.408703,27.871487,-1.000000,-1.000000,-1.000000
482149302.258826,0.062988,-0.007034,-1.004410,0.038890,0.005605,-0.004056,0.999237,-0.003835,-0.038879,0.004056,0.999976,0.005605,0.038857,-0.005758,0.999228,0.038879,-0.005605,-0.999228,-0.001999,0.000951,-0.030084,0.001088,0.004258,-0.001900,23.408703,27.871487,-1.000000,-1.000000,-1.000000
482149302.266822,0.101852,0.000076,-1.029373,0.038890,0.005605,-0.004056,0.999237,-0.003835,-0.038879,0.004056,0.999976,0.005605,0.038857,-0.005758,0.999228,0.038879,-0.005605,-0.999228,-0.001999,0.000951,-0.030084,0.001088,0.004258,-0.001900,23.408703,27.871487,-1.000000,-1.000000,-1.000000
482149302.276993,0.044418,-0.010468,-1.025864,0.038890,0.005605,-0.004056,0.999237,-0.003835,-0.038879,0.004056,0.999976,0.005605,0.038857,-0.005758,0.999228,0.038879,-0.005605,-0.999228,-0.001999,0.000951,-0.030084,0.001088,0.004258,-0.001900,23.408703,27.871487,-1.000000,-1.000000,-1.000000
482149302.287091,0.079086,-0.008911,-1.012161,0.038890,0.005605,-0.004056,0.999237,-0.003835,-0.038879,0.004056,0.999976,0.005605,0.038857,-0.005758,0.999228,0.038879,-0.005605,-0.999228,-0.001999,0.000951,-0.030084,0.001088,0.004258,-0.001900,23.408703,27.871487,-1.000000,-1.000000,-1.000000
482149302.297031,0.062958,-0.002258,-1.019989,0.038890,0.005605,-0.004056,0.999237,-0.003835,-0.038879,0.004056,0.999976,0.005605,0.038857,-0.005758,0.999228,0.038879,-0.005605,-0.999228,-0.001999,0.000951,-0.030084,0.001088,0.004258,-0.001900,23.408703,27.871487,-1.000000,-1.000000,-1.000000
482149302.307022,0.027451,-0.010620,-1.021057,0.038890,0.005605,-0.004056,0.999237,-0.003835,-0.038879,0.004056,0.999976,0.005605,0.038857,-0.005758,0.999228,0.038879,-0.005605,-0.999228,-0.001999,0.000951,-0.030084,0.001088,0.004258,-0.001900,23.408703,27.871487,-1.000000,-1.000000,-1.000000
482149302.317032,0.004944,-0.008942,-1.022430,0.038890,0.005605,-0.004056,0.999237,-0.003835,-0.038879,0.004056,0.999976,0.005605,0.038857,-0.005758,0.999228,0.038879,-0.005605,-0.999228,-0.001999,0.000951,-0.030084,0.001088,0.004258,-0.001900,23.408703,27.871487,-1.000000,-1.000000,-1.000000
482149302.326948,0.004944,-0.008942,-1.022430,0.038890,0.005605,-0.004056,0.999237,-0.003835,-0.038879,0.004056,0.999976,0.005605,0.038857,-0.005758,0.999228,0.038879,-0.005605,-0.999228,-0.001999,0.000951,-0.030084,0.001088,0.004258,-0.001900,23.408703,27.871487,-1.000000,-1.000000,-1.000000
482149302.337053,-0.050751,-0.009689,-1.029648,0.038890,0.005605,-0.004056,0.999237,-0.003835,-0.038879,0.004056,0.999976,0.005605,0.038857,-0.005758,0.999228,0.038879,-0.005605,-0.999228,-0.001999,0.000951,-0.030084,0.001088,0.004258,-0.001900,23.408703,27.871487,-1.000000,-1.000000,-1.000000
482149302.346980,0.018723,-0.010757,-1.023514,0.038890,0.005605,-0.004056,0.999237,-0.003835,-0.038879,0.004056,0.999976,0.005605,0.038857,-0.005758,0.999228,0.038879,-0.005605,-0.999228,-0.001999,0.000951,-0.030084,0.001088,0.004258,-0.001900,23.408703,27.871487,-1.000000,-1.000000,-1.000000
482149302.356741,0.033691,-0.009628,-1.027481,0.038890,0.005605,-0.004056,0.999237,-0.003835,-0.038879,0.004056,0.999976,0.005605,0.038857,-0.005758,0.999228,0.038879,-0.005605,-0.999228,-0.001999,0.000951,-0.030084,0.001088,0.004258,-0.001900,23.408703,27.871487,-1.000000,-1.000000,-1.000000
482149302.366980,0.012009,-0.009888,-1.026855,0.038890,0.005605,-0.004056,0.999237,-0.003835,-0.038879,0.004056,0.999976,0.005605,0.038857,-0.005758,0.999228,0.038879,-0.005605,-0.999228,-0.001999,0.000951,-0.030084,0.001088,0.004258,-0.001900,23.408703,27.871487,-1.000000,-1.000000,-1.000000
482149302.376996,-0.020859,-0.008408,-1.036621,0.038890,0.005605,-0.004056,0.999237,-0.003835,-0.038879,0.004056,0.999976,0.005605,0.038857,-0.005758,0.999228,0.038879,-0.005605,-0.999228,-0.001999,0.000951,-0.030084,0.001088,0.004258,-0.001900,23.408703,27.871487,-1.000000,-1.000000,-1.000000
482149302.387016,0.000519,-0.005905,-1.012039,0.038890,0.005605,-0.004056,0.999237,-0.003835,-0.038879,0.004056,0.999976,0.005605,0.038857,-0.005758,0.999228,0.038879,-0.005605,-0.999228,-0.001999,0.000951,-0.030084,0.001088,0.004258,-0.001900,23.408703,27.871487,-1.000000,-1.000000,-1.000000
482149302.396976,0.052811,-0.010468,-1.036057,0.038890,0.005605,-0.004056,0.999237,-0.003835,-0.038879,0.004056,0.999976,0.005605,0.038857,-0.005758,0.999228,0.038879,-0.005605,-0.999228,-0.001999,0.000951,-0.030084,0.001088,0.004258,-0.001900,23.408703,27.871487,-1.000000,-1.000000,-1.000000
482149302.407046,0.096970,-0.009918,-1.034378,0.038890,0.005605,-0.004056,0.999237,-0.003835,-0.038879,0.004056,0.999976,0.005605,0.038857,-0.005758,0.999228,0.038879,-0.005605,-0.999228,-0.001999,0.000951,-0.030084,0.001088,0.004258,-0.001900,23.408703,27.871487,-1.000000,-1.000000,-1.000000
482149302.417029,0.031464,-0.008606,-1.021805,0.038890,0.005605,-0.004056,0.999237,-0.003835,-0.038879,0.004056,0.999976,0.005605,0.038857,-0.005758,0.999228,0.038879,-0.005605,-0.999228,-0.001999,0.000951,-0.030084,0.001088,0.004258,-0.001900,23.408703,27.871487,-1.000000,-1.000000,-1.000000
482149302.426995,0.042740,-0.011337,-1.013336,0.038890,0.005605,-0.004056,0.999237,-0.003835,-0.038879,0.004056,0.999976,0.005605,0.038857,-0.005758,0.999228,0.038879,-0.005605,-0.999228,-0.001999,0.000951,-0.030084,0.001088,0.004258,-0.001900,23.408703,27.871487,-1.000000,-1.000000,-1.000000
482149302.436196,0.042740,-0.011337,-1.013336,0.038890,0.005605,-0.004056,0.999237,-0.003835,-0.038879,0.004056,0.999976,0.005605,0.038857,-0.005758,0.999228,0.038879,-0.005605,-0.999228,-0.001999,0.000951,-0.030084,0.001088,0.004258,-0.001900,23.408703,27.871487,-1.000000,-1.000000,-1.000000
482149302.447019,0.065872,-0.005219,-1.020767,0.038890,0.005605,-0.004056,0.999237,-0.003835,-0.038879,0.004056,0.999976,0.005605,0.038857,-0.005758,0.999228,0.038879,-0.005605,-0.999228,-0.001999,0.000951,-0.030084,0.001088,0.004258,-0.001900,23.408703,27.871487,-1.000000,-1.000000,-1.000000
482149302.457015,0.046585,-0.010284,-1.011169,0.038890,0.005605,-0.004056,0.999237,-0.003835,-0.038879,0.004056,0.999976,0.005605,0.038857,-0.005758,0.999228,0.038879,-0.005605,-0.999228,-0.001999,0.000951,-0.030084,0.001088,0.004258,-0.001900,23.408703,27.871487,-1.000000,-1.000000,-1.000000
482149302.466059,0.007263,-0.000214,-1.043777,0.038890,0.005605,-0.004056,0.999237,-0.003835,-0.038879,0.004056,0.999976,0.005605,0.038857,-0.005758,0.999228,0.038879,-0.005605,-0.999228,-0.001999,0.000951,-0.030084,0.001088,0.004258,-0.001900,23.408703,27.871487,-1.000000,-1.000000,-1.000000
482149302.477008,-0.058548,-0.007812,-1.030121,0.038890,0.005605,-0.004056,0.999237,-0.003835,-0.038879,0.004056,0.999976,0.005605,0.038857,-0.005758,0.999228,0.038879,-0.005605,-0.999228,-0.001999,0.000951,-0.030084,0.001088,0.004258,-0.001900,23.408703,27.871487,-1.000000,-1.000000,-1.000000
482149302.487205,0.025955,-0.001785,-1.026123,0.038890,0.005605,-0.004056,0.999237,-0.003835,-0.038879,0.004056,0.999976,0.005605,0.038857,-0.005758,0.999228,0.038879,-0.005605,-0.999228,-0.001999,0.000951,-0.030084,0.001088,0.004258,-0.001900,23.408703,27.871487,-1.000000,-1.000000,-1.000000
482149302.496935,0.022919,-0.004807,-1.026276,0.038890,0.005605,-0.004056,0.999237,-0.003835,-0.038879,0.004056,0.999976,0.005605,0.038857,-0.005758,0.999228,0.038879,-0.005605,-0.999228,-0.001999,0.000951,-0.030084,0.001088,0.004258,-0.001900,23.408703,27.871487,-1.000000,-1.000000,-1.000000
482149302.506987,0.003128,-0.010971,-1.026398,0.038890,0.005605,-0.004056,0.999237,-0.003835,-0.038879,0.004056,0.999976,0.005605,0.038857,-0.005758,0.999228,0.038879,-0.005605,-0.999228,-0.001999,0.000951,-0.030084,0.001088,0.004258,-0.001900,23.408703,27.871487,-1.000000,-1.000000,-1.000000
482149302.517008,-0.020187,-0.011307,-1.031662,0.038890,0.005605,-0.004056,0.999237,-0.003835,-0.038879,0.004056,0.999976,0.005605,0.038857,-0.005758,0.999228,0.038879,-0.005605,-0.999228,-0.001999,0.000951,-0.030084,0.001088,0.004258,-0.001900,23.408703,27.871487,-1.000000,-1.000000,-1.000000
482149302.526528,0.016449,-0.005966,-1.034409,0.038890,0.005605,-0.004056,0.999237,-0.003835,-0.038879,0.004056,0.999976,0.005605,0.038857,-0.005758,0.999228,0.038879,-0.005605,-0.999228,-0.001999,0.000951,-0.030084,0.001088,0.004258,-0.001900,23.408703,27.871487,-1.000000,-1.000000,-1.000000
482149302.537010,0.071716,-0.011078,-1.022293,0.038890,0.005605,-0.004056,0.999237,-0.003835,-0.038879,0.004056,0.999976,0.005605,0.038857,-0.005758,0.999228,0.038879,-0.005605,-0.999228,-0.001999,0.000951,-0.030084,0.001088,0.004258,-0.001900,23.408703,27.871487,-1.000000,-1.000000,-1.000000
482149302.546158,0.071716,-0.011078,-1.022293,0.038890,0.005605,-0.004056,0.999237,-0.003835,-0.038879,0.004056,0.999976,0.005605,0.038857,-0.005758,0.999228,0.038879,-0.005605,-0.999228,-0.001999,0.000951,-0.030084,0.001088,0.004258,-0.001900,23.408703,27.871487,-1.000000,-1.000000,-1.000000
482149302.556817,0.124863,-0.002502,-1.019211,0.038890,0.005605,-0.004056,0.999237,-0.003835,-0.038879,0.004056,0.999976,0.005605,0.038857,-0.005758,0.999228,0.038879,-0.005605,-0.999228,-0.001999,0.000951,-0.030084,0.001088,0.004258,-0.001900,23.408703,27.871487,-1.000000,-1.000000,-1.000000
482149302.566978,0.047546,-0.004501,-1.026733,0.038890,0.005605,-0.004056,0.999237,-0.003835,-0.038879,0.004056,0.999976,0.005605,0.038857,-0.005758,0.999228,0.038879,-0.005605,-0.999228,-0.001999,0.000951,-0.030084,0.001088,0.004258,-0.001900,23.408703,27.871487,-1.000000,-1.000000,-1.000000
482149302.576329,0.043823,0.001373,-1.027985,0.038890,0.005605,-0.004056,0.999237,-0.003835,-0.038879,0.004056,0.999976,0.005605,0.038857,-0.005758,0.999228,0.038879,-0.005605,-0.999228,-0.001999,0.000951,-0.030084,0.001088,0.004258,-0.001900,23.408703,27.871487,-1.000000,-1.000000,-1.000000
482149302.587030,0.104202,-0.006516,-1.002899,0.038890,0.005605,-0.004056,0.999237,-0.003835,-0.038879,0.004056,0.999976,0.005605,0.038857,-0.005758,0.999228,0.038879,-0.005605,-0.999228,-0.001999,0.000951,-0.030084,0.001088,0.004258,-0.001900,23.408703,27.871487,-1.000000,-1.000000,-1.000000
482149302.597060,0.085892,-0.005234,-1.045792,0.038890,0.005605,-0.004056,0.999237,-0.003835,-0.038879,0.004056,0.999976,0.005605,0.038857,-0.005758,0.999228,0.038879,-0.005605,-0.999228,-0.001999,0.000951,-0.030084,0.001088,0.004258,-0.001900,23.408703,27.871487,-1.000000,-1.000000,-1.000000
482149302.607073,0.049850,-0.015274,-1.019653,0.038890,0.005605,-0.004056,0.999237,-0.003835,-0.038879,0.004056,0.999976,0.005605,0.038857,-0.005758,0.999228,0.038879,-0.005605,-0.999228,-0.001999,0.000951,-0.030084,0.001088,0.004258,-0.001900,23.408703,27.871487,-1.000000,-1.000000,-1.000000
482149302.616783,-0.067841,-0.015976,-1.044189,0.038890,0.005605,-0.004056,0.999237,-0.003835,-0.038879,0.004056,0.999976,0.005605,0.038857,-0.005758,0.999228,0.038879,-0.005605,-0.999228,-0.001999,0.000951,-0.030084,0.001088,0.004258,-0.001900,23.408703,27.871487,-1.000000,-1.000000,-1.000000
482149302.627095,0.031631,-0.007629,-1.024734,0.038890,0.005605,-0.004056,0.999237,-0.003835,-0.038879,0.004056,0.999976,0.005605,0.038857,-0.005758,0.999228,0.038879,-0.005605,-0.999228,-0.001999,0.000951,-0.030084,0.001088,0.004258,-0.001900,23.408703,27.871487,-1.000000,-1.000000,-1.000000
482149302.637044,0.004471,-0.009048,-1.032166,0.038890,0.005605,-0.004056,0.999237,-0.003835,-0.038879,0.004056,0.999976,0.005605,0.038857,-0.005758,0.999228,0.038879,-0.005605,-0.999228,-0.001999,0.000951,-0.030084,0.001088,0.004258,-0.001900,23.408703,27.871487,-1.000000,-1.000000,-1.000000
482149302.647125,-0.009872,-0.011292,-1.040756,0.038890,0.005605,-0.004056,0.999237,-0.003835,-0.038879,0.004056,0.999976,0.005605,0.038857,-0.005758,0.999228,0.038879,-0.005605,-0.999228,-0.001999,0.000951,-0.030084,0.001088,0.004258,-0.001900,23.408703,27.871487,-1.000000,-1.000000,-1.000000
482149302.656958,-0.020889,-0.008194,-1.017197,0.038890,0.005605,-0.004056,0.999237,-0.003835,-0.038879,0.004056,0.999976,0.005605,0.038857,-0.005758,0.999228,0.038879,-0.005605,-0.999228,-0.001999,0.000951,-0.030084,0.001088,0.004258,-0.001900,23.408703,27.871487,-1.000000,-1.000000,-1.000000
482149302.666287,-0.020889,-0.008194,-1.017197,0.038890,0.005605,-0.004056,0.999237,-0.003835,-0.038879,0.004056,0.999976,0.005605,0.038857,-0.005758,0.999228,0.038879,-0.005605,-0.999228,-0.001999,0.000951,-0.030084,0.001088,0.004258,-0.001900,23.408703,27.871487,-1.000000,-1.000000,-1.000000
482149302.677125,0.060608,-0.007187,-1.015228,0.038890,0.005605,-0.004056,0.999237,-0.003835,-0.038879,0.004056,0.999976,0.005605,0.038857,-0.005758,0.999228,0.038879,-0.005605,-0.999228,-0.001999,0.000951,-0.030084,0.001088,0.004258,-0.001900,23.408703,27.871487,-1.000000,-1.000000,-1.000000
482149302.687012,0.080673,-0.010193,-1.042145,0.038890,0.005605,-0.004056,0.999237,-0.003835,-0.038879,0.004056,0.999976,0.005605,0.038857,-0.005758,0.999228,0.038879,-0.005605,-0.999228,-0.001999,0.000951,-0.030084,0.001088,0.004258,-0.001900,23.408703,27.871487,-1.000000,-1.000000,-1.000000
482149302.697070,0.133560,-0.009323,-1.019577,0.038890,0.005605,-0.004056,0.999237,-0.003835,-0.038879,0.004056,0.999976,0.005605,0.038857,-0.005758,0.999228,0.038879,-0.005605,-0.999228,-0.001999,0.000951,-0.030084,0.001088,0.004258,-0.001900,23.408703,27.871487,-1.000000,-1.000000,-1.000000
482149302.707147,0.041336,-0.011459,-1.024109,0.038890,0.005605,-0.004056,0.999237,-0.003835,-0.038879,0.004056,0.999976,0.005605,0.038857,-0.005758,0.999228,0.038879,-0.005605,-0.999228,-0.001999,0.000951,-0.030084,0.001088,0.004258,-0.001900,23.408703,27.871487,-1.000000,-1.000000,-1.000000
482149302.717067,0.080780,-0.003067,-1.022827,0.038890,0.005605,-0.004056,0.999237,-0.003835,-0.038879,0.004056,0.999976,0.005605,0.038857,-0.005758,0.999228,0.038879,-0.005605,-0.999228,-0.001999,0.000951,-0.030084,0.001088,0.004258,-0.001900,23.408703,27.871487,-1.000000,-1.000000,-1.000000
482149302.727064,0.127487,-0.009155,-0.997589,0.038890,0.005605,-0.004056,0.999237,-0.003835,-0.038879,0.004056,0.999976,0.005605,0.038857,-0.005758,0.999228,0.038879,-0.005605,-0.999228,-0.001999,0.000951,-0.030084,0.001088,0.004258,-0.001900,23.408703,27.871487,-1.000000,-1.000000,-1.000000
482149302.736994,0.114456,0.002258,-1.024750,0.038890,0.005605,-0.004056,0.999237,-0.003835,-0.038879,0.004056,0.999976,0.005605,0.038857,-0.005758,0.999228,0.038879,-0.005605,-0.999228,-0.001999,0.000951,-0.030084,0.001088,0.004258,-0.001900,23.408703,27.871487,-1.000000,-1.000000,-1.000000
482149302.747167,-0.065765,-0.013763,-1.026596,0.038890,0.005605,-0.004056,0.999237,-0.003835,-0.038879,0.004056,0.999976,0.005605,0.038857,-0.005758,0.999228,0.038879,-0.005605,-0.999228,-0.001999,0.000951,-0.030084,0.001088,0.004258,-0.001900,23.408703,27.871487,-1.000000,-1.000000,-1.000000
482149302.757119,-0.062653,-0.010803,-1.028397,0.038890,0.005605,-0.004056,0.999237,-0.003835,-0.038879,0.004056,0.999976,0.005605,0.038857,-0.005758,0.999228,0.038879,-0.005605,-0.999228,-0.001999,0.000951,-0.030084,0.001088,0.004258,-0.001900,23.408703,27.871487,-1.000000,-1.000000,-1.000000
482149302.767063,0.044510,-0.006516,-1.025909,0.038890,0.005605,-0.004056,0.999237,-0.003835,-0.038879,0.004056,0.999976,0.005605,0.038857,-0.005758,0.999228,0.038879,-0.005605,-0.999228,-0.001999,0.000951,-0.030084,0.001088,0.004258,-0.001900,23.408703,27.871487,-1.000000,-1.000000,-1.000000
482149302.776346,0.044510,-0.006516,-1.025909,0.038890,0.005605,-0.004056,0.999237,-0.003835,-0.038879,0.004056,0.999976,0.005605,0.038857,-0.005758,0.999228,0.038879,-0.005605,-0.999228,-0.001999,0.000951,-0.030084,0.001088,0.004258,-0.001900,23.408703,27.871487,-1.000000,-1.000000,-1.000000
482149302.786625,0.002670,-0.002136,-1.032349,0.038890,0.005605,-0.004056,0.999237,-0.003835,-0.038879,0.004056,0.999976,0.005605,0.038857,-0.005758,0.999228,0.038879,-0.005605,-0.999228,-0.001999,0.000951,-0.030084,0.001088,0.004258,-0.001900,23.408703,27.871487,-1.000000,-1.000000,-1.000000
482149302.796865,-0.007217,-0.010193,-1.034790,0.038890,0.005605,-0.004056,0.999237,-0.003835,-0.038879,0.004056,0.999976,0.005605,0.038857,-0.005758,0.999228,0.038879,-0.005605,-0.999228,-0.001999,0.000951,-0.030084,0.001088,0.004258,-0.001900,23.408703,27.871487,-1.000000,-1.000000,-1.000000
482149302.807140,0.022354,-0.001892,-1.032166,0.038890,0.005605,-0.004056,0.999237,-0.003835,-0.038879,0.004056,0.999976,0.005605,0.038857,-0.005758,0.999228,0.038879,-0.005605,-0.999228,-0.001999,0.000951,-0.030084,0.001088,0.004258,-0.001900,23.408703,27.871487,-1.000000,-1.000000,-1.000000
482149302.817038,0.095459,-0.012817,-1.025696,0.038890,0.005605,-0.004056,0.999237,-0.003835,-0.038879,0.004056,0.999976,0.005605,0.038857,-0.005758,0.999228,0.038879,-0.005605,-0.999228,-0.001999,0.000951,-0.030084,0.001088,0.004258,-0.001900,23.408703,27.871487,-1.000000,-1.000000,-1.000000
482149302.827099,0.127594,-0.009369,-1.017990,0.038890,0.005605,-0.004056,0.999237,-0.003835,-0.038879,0.004056,0.999976,0.005605,0.038857,-0.005758,0.999228,0.038879,-0.005605,-0.999228,-0.001999,0.000951,-0.030084,0.001088,0.004258,-0.001900,23.408703,27.871487,-1.000000,-1.000000,-1.000000
482149302.836594,0.177429,0.000046,-1.026779,0.024749,0.004534,-0.000017,0.999694,0.000095,-0.024746,0.000017,0.999990,0.004534,0.024746,-0.004533,0.999683,0.024746,-0.004534,-0.999683,0.070713,-0.008283,-0.026012,-0.003164,-0.003678,0.008392,23.408703,27.871487,-1.000000,-1.000000,-1.000000
482149302.847061,0.078751,-0.006073,-1.022903,0.024749,0.004534,-0.000017,0.999694,0.000095,-0.024746,0.000017,0.999990,0.004534,0.024746,-0.004533,0.999683,0.024746,-0.004534,-0.999683,0.070713,-0.008283,-0.026012,-0.003164,-0.003678,0.008392,23.408703,27.871487,-1.000000,-1.000000,-1.000000
482149302.857049,0.082626,-0.000046,-1.018860,0.024731,0.004496,0.000060,0.999694,0.000171,-0.024728,-0.000060,0.999990,0.004496,0.024729,-0.004493,0.999684,0.024728,-0.004496,-0.999684,0.102866,-0.004873,-0.018306,-0.007729,-0.001312,0.003423,23.408703,27.871487,-1.000000,-1.000000,-1.000000
482149302.867112,0.137665,-0.004333,-1.020370,0.024723,0.004340,0.000093,0.999694,0.000201,-0.024720,-0.000093,0.999991,0.004340,0.024721,-0.004336,0.999685,0.024720,-0.004340,-0.999685,0.152709,0.004385,-0.027094,-0.013367,0.001037,-0.003950,23.408703,27.871487,-1.000000,-1.000000,-1.000000
482149302.877282,0.054581,0.002487,-1.026398,0.024688,0.004272,0.000046,0.999695,0.000151,-0.024686,-0.000046,0.999991,0.004272,0.024686,-0.004270,0.999686,0.024686,-0.004272,-0.999686,0.054065,-0.001801,-0.023217,-0.003634,-0.007369,-0.004507,23.408703,27.871487,-1.000000,-1.000000,-1.000000
482149302.887164,-0.015640,-0.008194,-1.023666,0.024688,0.004272,0.000046,0.999695,0.000151,-0.024686,-0.000046,0.999991,0.004272,0.024686,-0.004270,0.999686,0.024686,-0.004272,-0.999686,0.054065,-0.001801,-0.023217,-0.003634,-0.007369,-0.004507,23.408703,27.871487,-1.000000,-1.000000,-1.000000
482149302.897065,-0.097443,0.000565,-1.034515,0.024669,0.004167,0.000038,0.999696,0.000141,-0.024666,-0.000038,0.999991,0.004167,0.024667,-0.004165,0.999687,0.024666,-0.004167,-0.999687,0.112999,-0.000166,-0.020683,-0.001489,0.001018,0.000192,23.408703,27.871487,-1.000000,-1.000000,-1.000000
482149302.906292,-0.097443,0.000565,-1.034515,0.024662,0.004142,0.000067,0.999696,0.000169,-0.024659,-0.000067,0.999991,0.004142,0.024660,-0.004139,0.999687,0.024659,-0.004142,-0.999687,0.029921,0.006629,-0.026710,-0.004039,0.001049,0.002409,23.408703,27.871487,-1.000000,-1.000000,-1.000000
482149302.917615,-0.084991,-0.005157,-1.030792,0.024561,0.004018,0.000140,0.999698,0.000239,-0.024558,-0.000140,0.999992,0.004018,0.024559,-0.004013,0.999690,0.024558,-0.004018,-0.999690,-0.040198,-0.004176,-0.023976,-0.004105,-0.001327,0.003612,23.408703,27.871487,-1.000000,-1.000000,-1.000000
482149302.926674,-0.024872,-0.006454,-1.033951,0.024561,0.004018,0.000140,0.999698,0.000239,-0.024558,-0.000140,0.999992,0.004018,0.024559,-0.004013,0.999690,0.024558,-0.004018,-0.999690,-0.040198,-0.004176,-0.023976,-0.004105,-0.001327,0.003612,23.408703,27.871487,-1.000000,-1.000000,-1.000000
482149302.937076,-0.051926,-0.011841,-1.045212,0.024537,0.003976,0.000169,0.999699,0.000266,-0.024535,-0.000169,0.999992,0.003976,0.024536,-0.003970,0.999691,0.024535,-0.003976,-0.999691,-0.121977,0.004540,-0.034824,-0.006320,-0.002543,-0.000012,23.408703,27.871487,-1.000000,-1.000000,-1.000000
482149302.947070,0.015976,-0.010834,-1.027573,0.024458,0.003855,0.000134,0.999701,0.000228,-0.024455,-0.000134,0.999993,0.003855,0.024456,-0.003851,0.999694,0.024455,-0.003855,-0.999694,-0.049327,-0.002599,-0.034257,-0.006586,-0.007275,0.004737,23.408703,27.871487,-1.000000,-1.000000,-1.000000
482149302.957013,0.074600,-0.004272,-1.036758,0.024458,0.003855,0.000134,0.999701,0.000228,-0.024455,-0.000134,0.999993,0.003855,0.024456,-0.003851,0.999694,0.024455,-0.003855,-0.999694,-0.049327,-0.002599,-0.034257,-0.006586,-0.007275,0.004737,23.408703,27.871487,-1.000000,-1.000000,-1.000000
482149302.967080,0.111984,-0.009598,-1.020859,0.024412,0.003867,0.000202,0.999702,0.000296,-0.024410,-0.000202,0.999992,0.003867,0.024411,-0.003861,0.999695,0.024410,-0.003867,-0.999695,-0.076335,-0.007974,-0.045517,0.001734,-0.003709,0.007471,23.408703,27.871487,-1.000000,-1.000000,-1.000000
482149302.977071,0.154114,-0.001083,-1.013580,0.024393,0.003765,0.000280,0.999702,0.000372,-0.024391,-0.000280,0.999993,0.003765,0.024392,-0.003757,0.999695,0.024391,-0.003765,-0.999695,-0.008415,-0.007068,-0.027877,0.000324,-0.002479,0.010907,23.408703,27.871487,-1.000000,-1.000000,-1.000000
482149302.987068,0.067383,-0.003098,-1.011002,0.024386,0.003731,0.000244,0.999703,0.000335,-0.024384,-0.000244,0.999993,0.003731,0.024385,-0.003724,0.999696,0.024384,-0.003731,-0.999696,0.050217,-0.000542,-0.037063,-0.005852,-0.000229,-0.008243,23.408703,27.871487,-1.000000,-1.000000,-1.000000
482149302.997016,0.100647,-0.006638,-1.009933,0.024386,0.003731,0.000244,0.999703,0.000335,-0.024384,-0.000244,0.999993,0.003731,0.024385,-0.003724,0.999696,0.024384,-0.003731,-0.999696,0.050217,-0.000542,-0.037063,-0.005852,-0.000229,-0.008243,23.408703,27.871487,-1.000000,-1.000000,-1.000000
482149303.007124,0.134506,-0.002335,-1.015717,0.024372,0.003714,0.000260,0.999703,0.000350,-0.024369,-0.000260,0.999993,0.003714,0.024370,-0.003707,0.999696,0.024369,-0.003714,-0.999696,0.129744,0.002631,-0.013884,-0.000012,-0.003804,-0.004367,23.408703,27.871487,-1.000000,-1.000000,-1.000000
482149303.017147,0.134506,-0.002335,-1.015717,0.024327,0.003672,0.000278,0.999704,0.000367,-0.024324,-0.000278,0.999993,0.003672,0.024325,-0.003664,0.999697,0.024324,-0.003672,-0.999697,0.043059,0.000575,-0.011304,-0.006520,-0.006092,0.003550,23.408703,27.871487,-1.000000,-1.000000,-1.000000
482149303.027015,0.055084,-0.009323,-1.023300,0.024327,0.003672,0.000278,0.999704,0.000367,-0.024324,-0.000278,0.999993,0.003672,0.024325,-0.003664,0.999697,0.024324,-0.003672,-0.999697,0.043059,0.000575,-0.011304,-0.006520,-0.006092,0.003550,23.408703,27.871487,-1.000000,-1.000000,-1.000000
482149303.037042,-0.015778,-0.007187,-1.020752,0.024296,0.003573,0.000276,0.999705,0.000362,-0.024294,-0.000276,0.999994,0.003573,0.024295,-0.003565,0.999698,0.024294,-0.003573,-0.999698,0.076353,-0.003065,-0.010235,-0.002630,-0.000181,-0.001027,23.408703,27.871487,-1.000000,-1.000000,-1.000000
482149303.047066,-0.088593,-0.002289,-1.035873,0.024289,0.003553,0.000316,0.999705,0.000402,-0.024287,-0.000316,0.999994,0.003553,0.024288,-0.003544,0.999699,0.024287,-0.003553,-0.999699,0.110219,0.001218,-0.016018,0.000725,-0.000154,0.003847,23.408703,27.871487,-1.000000,-1.000000,-1.000000
482149303.057111,-0.044540,-0.012634,-1.037003,0.024281,0.003442,0.000307,0.999705,0.000391,-0.024278,-0.000307,0.999994,0.003442,0.024280,-0.003434,0.999699,0.024278,-0.003442,-0.999699,-0.040056,-0.003745,-0.021053,-0.010144,-0.004883,0.003345,23.408703,27.871487,-1.000000,-1.000000,-1.000000
482149303.067198,-0.042435,-0.008682,-1.037903,0.024281,0.003442,0.000307,0.999705,0.000391,-0.024278,-0.000307,0.999994,0.003442,0.024280,-0.003434,0.999699,0.024278,-0.003442,-0.999699,-0.040056,-0.003745,-0.021053,-0.010144,-0.004883,0.003345,23.408703,27.871487,-1.000000,-1.000000,-1.000000
482149303.077085,-0.058548,-0.008011,-1.048569,0.024235,0.003407,0.000298,0.999706,0.000381,-0.024233,-0.000298,0.999994,0.003407,0.024234,-0.003399,0.999701,0.024233,-0.003407,-0.999701,-0.112825,0.001118,-0.036173,-0.005985,-0.002596,-0.005868,23.408703,27.871487,-1.000000,-1.000000,-1.000000
482149303.087129,0.004547,-0.012024,-1.035049,0.024250,0.003271,0.000386,0.999706,0.000465,-0.024247,-0.000386,0.999995,0.003271,0.024248,-0.003261,0.999701,0.024247,-0.003271,-0.999701,-0.068787,-0.009363,-0.037302,-0.006656,0.002284,0.005781,23.408703,27.871487,-1.000000,-1.000000,-1.000000
482149303.097126,0.039368,-0.007523,-1.022324,0.024248,0.003241,0.000372,0.999706,0.000450,-0.024245,-0.000372,0.999995,0.003241,0.024247,-0.003231,0.999701,0.024245,-0.003241,-0.999701,-0.066680,-0.005441,-0.038202,-0.003771,-0.001380,-0.002245,23.408703,27.871487,-1.000000,-1.000000,-1.000000
482149303.107093,0.114075,-0.010574,-1.023636,0.024248,0.003241,0.000372,0.999706,0.000450,-0.024245,-0.000372,0.999995,0.003241,0.024247,-0.003231,0.999701,0.024245,-0.003241,-0.999701,-0.066680,-0.005441,-0.038202,-0.003771,-0.001380,-0.002245,23.408703,27.871487,-1.000000,-1.000000,-1.000000
482149303.117205,0.138138,-0.005630,-1.048477,0.024212,0.003153,0.000386,0.999707,0.000462,-0.024210,-0.000386,0.999995,0.003153,0.024211,-0.003142,0.999702,0.024210,-0.003153,-0.999702,-0.019662,-0.008871,-0.035348,-0.005447,-0.001302,0.005891,23.408703,27.871487,-1.000000,-1.000000,-1.000000
482149303.127081,0.138138,-0.005630,-1.048477,0.024222,0.003127,0.000414,0.999707,0.000490,-0.024219,-0.000414,0.999995,0.003127,0.024221,-0.003116,0.999702,0.024219,-0.003127,-0.999702,0.015149,-0.004396,-0.022622,-0.000483,0.001044,0.003769,23.408703,27.871487,-1.000000,-1.000000,-1.000000
482149303.137283,0.071793,-0.012085,-1.024216,0.024222,0.003127,0.000414,0.999707,0.000490,-0.024219,-0.000414,0.999995,0.003127,0.024221,-0.003116,0.999702,0.024219,-0.003127,-0.999702,0.015149,-0.004396,-0.022622,-0.000483,0.001044,0.003769,23.408703,27.871487,-1.000000,-1.000000,-1.000000
482149303.147023,0.119293,-0.004623,-1.026306,0.024224,0.003049,0.000444,0.999706,0.000518,-0.024222,-0.000444,0.999995,0.003049,0.024223,-0.003037,0.999702,0.024222,-0.003049,-0.999702,0.089853,-0.007525,-0.023934,-0.002831,-0.001343,0.002503,23.408703,27.871487,-1.000000,-1.000000,-1.000000
482149303.157068,0.141830,-0.002350,-1.024017,0.024195,0.003058,0.000437,0.999707,0.000511,-0.024193,-0.000437,0.999995,0.003058,0.024194,-0.003046,0.999703,0.024193,-0.003058,-0.999703,0.113945,-0.002573,-0.048775,0.001061,-0.002595,-0.001977,23.408703,27.871487,-1.000000,-1.000000,-1.000000
482149303.167065,0.122192,-0.003586,-1.025177,0.024164,0.002949,0.000380,0.999708,0.000451,-0.024162,-0.000380,0.999996,0.002949,0.024163,-0.002939,0.999704,0.024162,-0.002949,-0.999704,0.095131,-0.001674,-0.026602,-0.005179,-0.003731,0.001238,23.408703,27.871487,-1.000000,-1.000000,-1.000000
482149303.176998,0.025696,-0.002716,-1.021255,0.024164,0.002949,0.000380,0.999708,0.000451,-0.024162,-0.000380,0.999996,0.002949,0.024163,-0.002939,0.999704,0.024162,-0.002949,-0.999704,0.095131,-0.001674,-0.026602,-0.005179,-0.003731,0.001238,23.408703,27.871487,-1.000000,-1.000000,-1.000000
482149303.187060,-0.050446,-0.009750,-1.035446,0.024158,0.002912,0.000409,0.999708,0.000479,-0.024155,-0.000409,0.999996,0.002912,0.024156,-0.002902,0.999704,0.024155,-0.002912,-0.999704,0.117675,0.000563,-0.024313,-0.006589,-0.001307,0.004657,23.408703,27.871487,-1.000000,-1.000000,-1.000000
482149303.197072,-0.012314,-0.009232,-1.031219,0.024160,0.002836,0.000395,0.999708,0.000464,-0.024157,-0.000395,0.999996,0.002836,0.024159,-0.002825,0.999704,0.024157,-0.002836,-0.999704,0.098035,-0.000750,-0.025473,-0.003972,-0.000155,0.001253,23.408703,27.871487,-1.000000,-1.000000,-1.000000
482149303.207045,-0.026901,-0.011230,-1.016541,0.024115,0.002772,0.000386,0.999709,0.000453,-0.024112,-0.000386,0.999996,0.002772,0.024113,-0.002762,0.999705,0.024112,-0.002772,-0.999705,0.001584,0.000056,-0.021550,0.000995,-0.006165,-0.000759,23.408703,27.871487,-1.000000,-1.000000,-1.000000
482149303.217054,-0.040802,0.000153,-1.045670,0.024115,0.002772,0.000386,0.999709,0.000453,-0.024112,-0.000386,0.999996,0.002772,0.024113,-0.002762,0.999705,0.024112,-0.002772,-0.999705,0.001584,0.000056,-0.021550,0.000995,-0.006165,-0.000759,23.408703,27.871487,-1.000000,-1.000000,-1.000000
482149303.227066,-0.018463,-0.004272,-1.023895,0.024117,0.002678,0.000399,0.999709,0.000464,-0.024115,-0.000399,0.999996,0.002678,0.024116,-0.002668,0.999706,0.024115,-0.002678,-0.999706,-0.036429,-0.006553,-0.031514,-0.005113,-0.000161,0.000019,23.408703,27.871487,-1.000000,-1.000000,-1.000000
482149303.236782,-0.018463,-0.004272,-1.023895,0.024127,0.002625,0.000406,0.999709,0.000469,-0.024124,-0.000406,0.999996,0.002625,0.024125,-0.002615,0.999705,0.024124,-0.002625,-0.999705,-0.051025,-0.008605,-0.016835,-0.006456,0.003446,0.002251,23.408703,27.871487,-1.000000,-1.000000,-1.000000
482149303.247130,0.011108,-0.005936,-1.025986,0.024127,0.002625,0.000406,0.999709,0.000469,-0.024124,-0.000406,0.999996,0.002625,0.024125,-0.002615,0.999705,0.024124,-0.002625,-0.999705,-0.051025,-0.008605,-0.016835,-0.006456,0.003446,0.002251,23.408703,27.871487,-1.000000,-1.000000,-1.000000
482149303.257030,0.063446,-0.010101,-1.014038,0.024118,0.002581,0.000415,0.999709,0.000477,-0.024116,-0.000415,0.999997,0.002581,0.024117,-0.002571,0.999706,0.024116,-0.002581,-0.999706,-0.064918,0.002734,-0.045964,-0.005180,0.001043,0.001175,23.408703,27.871487,-1.000000,-1.000000,-1.000000
482149303.266373,0.110809,-0.007584,-1.016098,0.024122,0.002508,0.000383,0.999709,0.000444,-0.024120,-0.000383,0.999997,0.002508,0.024121,-0.002498,0.999706,0.024120,-0.002508,-0.999706,-0.042583,-0.001765,-0.024189,-0.009744,0.001021,-0.003762,23.408703,27.871487,-1.000000,-1.000000,-1.000000
482149303.277079,0.077011,-0.009506,-1.065689,0.024086,0.002424,0.000398,0.999710,0.000456,-0.024084,-0.000398,0.999997,0.002424,0.024085,-0.002414,0.999707,0.024084,-0.002424,-0.999707,0.039362,-0.007677,-0.014331,-0.006589,-0.000114,0.004641,23.408703,27.871487,-1.000000,-1.000000,-1.000000
482149303.287107,0.097839,-0.009689,-1.013916,0.024086,0.002424,0.000398,0.999710,0.000456,-0.024084,-0.000398,0.999997,0.002424,0.024085,-0.002414,0.999707,0.024084,-0.002424,-0.999707,0.039362,-0.007677,-0.014331,-0.006589,-0.000114,0.004641,23.408703,27.871487,-1.000000,-1.000000,-1.000000
482149303.297126,0.139511,0.001694,-1.015472,0.024073,0.002456,0.000390,0.999710,0.000449,-0.024071,-0.000390,0.999997,0.002456,0.024072,-0.002445,0.999707,0.024071,-0.002456,-0.999707,0.086738,-0.005128,-0.016391,0.004617,-0.002600,-0.000618,23.408703,27.871487,-1.000000,-1.000000,-1.000000
482149303.307078,0.074539,-0.011414,-1.057083,0.024086,0.002456,0.000385,0.999710,0.000444,-0.024084,-0.000385,0.999997,0.002456,0.024085,-0.002446,0.999707,0.024084,-0.002456,-0.999707,0.052927,-0.007050,-0.065982,0.004683,0.002165,-0.001853,23.408703,27.871487,-1.000000,-1.000000,-1.000000
482149303.317317,-0.010849,-0.003952,-1.001099,0.024096,0.002382,0.000380,0.999710,0.000437,-0.024093,-0.000380,0.999997,0.002382,0.024094,-0.002372,0.999707,0.024093,-0.002382,-0.999707,0.073746,-0.007307,-0.014209,-0.010146,-0.000109,0.003281,23.408703,27.871487,-1.000000,-1.000000,-1.000000
482149303.327145,-0.076401,-0.007980,-1.027313,0.024096,0.002382,0.000380,0.999710,0.000437,-0.024093,-0.000380,0.999997,0.002382,0.024094,-0.002372,0.999707,0.024093,-0.002382,-0.999707,0.073746,-0.007307,-0.014209,-0.010146,-0.000109,0.003281,23.408703,27.871487,-1.000000,-1.000000,-1.000000
482149303.337323,-0.040970,-0.012726,-1.048447,0.024116,0.002230,0.000450,0.999709,0.000504,-0.024113,-0.000450,0.999997,0.002230,0.024114,-0.002218,0.999707,0.024113,-0.002230,-0.999707,0.050426,-0.009184,-0.057376,-0.002967,0.003452,0.004782,23.408703,27.871487,-1.000000,-1.000000,-1.000000
482149303.347133,-0.040970,-0.012726,-1.048447,0.024065,0.002233,0.000465,0.999710,0.000518,-0.024062,-0.000465,0.999997,0.002233,0.024063,-0.002221,0.999708,0.024062,-0.002233,-0.999708,-0.034911,-0.001719,-0.001391,-0.001555,-0.006134,0.001458,23.408703,27.871487,-1.000000,-1.000000,-1.000000
482149303.357155,-0.058914,-0.005951,-1.040863,0.024065,0.002233,0.000465,0.999710,0.000518,-0.024062,-0.000465,0.999997,0.002233,0.024063,-0.002221,0.999708,0.024062,-0.002233,-0.999708,-0.034911,-0.001719,-0.001391,-0.001555,-0.006134,0.001458,23.408703,27.871487,-1.000000,-1.000000,-1.000000
482149303.367163,-0.047028,-0.008789,-1.043991,0.024083,0.002162,0.000435,0.999710,0.000487,-0.024081,-0.000435,0.999998,0.002162,0.024082,-0.002151,0.999708,0.024081,-0.002162,-0.999708,-0.100482,-0.005818,-0.027606,0.002267,0.002175,-0.001978,23.408703,27.871487,-1.000000,-1.000000,-1.000000
482149303.377087,-0.001678,-0.004883,-1.007324,0.024087,0.002149,0.000427,0.999710,0.000478,-0.024085,-0.000427,0.999998,0.002149,0.024086,-0.002138,0.999708,0.024085,-0.002149,-0.999708,-0.065054,-0.010577,-0.048739,-0.003839,-0.000177,-0.001090,23.408703,27.871487,-1.000000,-1.000000,-1.000000
482149303.387066,0.038971,-0.013626,-1.035873,0.024090,0.002049,0.000440,0.999710,0.000489,-0.024087,-0.000440,0.999998,0.002049,0.024088,-0.002038,0.999708,0.024087,-0.002049,-0.999708,-0.071115,-0.006740,-0.044283,-0.000147,-0.003783,-0.002024,23.408703,27.871487,-1.000000,-1.000000,-1.000000
482149303.397017,0.147003,-0.010269,-1.032349,0.024090,0.002049,0.000440,0.999710,0.000489,-0.024087,-0.000440,0.999998,0.002049,0.024088,-0.002038,0.999708,0.024087,-0.002049,-0.999708,-0.071115,-0.006740,-0.044283,-0.000147,-0.003783,-0.002024,23.408703,27.871487,-1.000000,-1.000000,-1.000000
482149303.407081,0.087631,-0.005768,-1.004883,0.024099,0.002002,0.000430,0.999710,0.000478,-0.024097,-0.000430,0.999998,0.002002,0.024098,-0.001991,0.999708,0.024097,-0.002002,-0.999708,-0.025775,-0.002881,-0.007617,-0.008738,0.002242,-0.000201,23.408703,27.871487,-1.000000,-1.000000,-1.000000
482149303.417069,0.064926,-0.010208,-1.023682,0.024035,0.001932,0.000397,0.999711,0.000443,-0.024033,-0.000397,0.999998,0.001932,0.024034,-0.001922,0.999709,0.024033,-0.001932,-0.999709,0.122970,-0.008337,-0.032639,-0.000147,-0.003783,-0.002024,23.408703,27.871487,-1.000000,-1.000000,-1.000000
